NODES: 1327
MATERIALS: 1
THICKNESSES: 1
ELEMENTS_T3: 2444
ELEMENTS_T6: 0
ELEMENTS_T10: 0                 
FORCES: 6
PRESSURES: 0
DISPLACEMENTS: 15

NODE X Y
1 -10.00000000 -1.00000000
2 -9.78947368 -1.00000000
3 -9.57894737 -1.00000000
4 -9.36842105 -1.00000000
5 -9.15789474 -1.00000000
6 -8.94736842 -1.00000000
7 -8.73684211 -1.00000000
8 -8.52631579 -1.00000000
9 -8.31578947 -1.00000000
10 -8.10526316 -1.00000000
11 -7.89473684 -1.00000000
12 -7.68421053 -1.00000000
13 -7.47368421 -1.00000000
14 -7.26315789 -1.00000000
15 -7.05263158 -1.00000000
16 -6.84210526 -1.00000000
17 -6.63157895 -1.00000000
18 -6.42105263 -1.00000000
19 -6.21052632 -1.00000000
20 -6.00000000 -1.00000000
21 -5.78947368 -1.00000000
22 -5.57894737 -1.00000000
23 -5.36842105 -1.00000000
24 -5.15789474 -1.00000000
25 -4.94736842 -1.00000000
26 -4.73684211 -1.00000000
27 -4.52631579 -1.00000000
28 -4.31578947 -1.00000000
29 -4.10526316 -1.00000000
30 -3.89473684 -1.00000000
31 -3.68421053 -1.00000000
32 -3.47368421 -1.00000000
33 -3.26315789 -1.00000000
34 -3.05263158 -1.00000000
35 -2.84210526 -1.00000000
36 -2.63157895 -1.00000000
37 -2.42105263 -1.00000000
38 -2.21052632 -1.00000000
39 -2.00000000 -1.00000000
40 -1.78947368 -1.00000000
41 -1.57894737 -1.00000000
42 -1.36842105 -1.00000000
43 -1.15789474 -1.00000000
44 -0.94736842 -1.00000000
45 -0.73684211 -1.00000000
46 -0.52631579 -1.00000000
47 -0.31578947 -1.00000000
48 -0.10526316 -1.00000000
49 0.10526316 -1.00000000
50 0.31578947 -1.00000000
51 0.52631579 -1.00000000
52 0.73684211 -1.00000000
53 0.94736842 -1.00000000
54 1.15789474 -1.00000000
55 1.36842105 -1.00000000
56 1.57894737 -1.00000000
57 1.78947368 -1.00000000
58 2.00000000 -1.00000000
59 2.21052632 -1.00000000
60 2.42105263 -1.00000000
61 2.63157895 -1.00000000
62 2.84210526 -1.00000000
63 3.05263158 -1.00000000
64 3.26315789 -1.00000000
65 3.47368421 -1.00000000
66 3.68421053 -1.00000000
67 3.89473684 -1.00000000
68 4.10526316 -1.00000000
69 4.31578947 -1.00000000
70 4.52631579 -1.00000000
71 4.73684211 -1.00000000
72 4.94736842 -1.00000000
73 5.15789474 -1.00000000
74 5.36842105 -1.00000000
75 5.57894737 -1.00000000
76 5.78947368 -1.00000000
77 6.00000000 -1.00000000
78 6.21052632 -1.00000000
79 6.42105263 -1.00000000
80 6.63157895 -1.00000000
81 6.84210526 -1.00000000
82 7.05263158 -1.00000000
83 7.26315789 -1.00000000
84 7.47368421 -1.00000000
85 7.68421053 -1.00000000
86 7.89473684 -1.00000000
87 8.10526316 -1.00000000
88 8.31578947 -1.00000000
89 8.52631579 -1.00000000
90 8.73684211 -1.00000000
91 8.94736842 -1.00000000
92 9.15789474 -1.00000000
93 9.36842105 -1.00000000
94 9.57894737 -1.00000000
95 9.78947368 -1.00000000
96 10.00000000 -1.00000000
97 10.00000000 -0.77777778
98 10.00000000 -0.55555556
99 10.00000000 -0.33333333
100 10.00000000 -0.11111111
101 10.00000000 0.11111111
102 10.00000000 0.33333333
103 10.00000000 0.55555556
104 10.00000000 0.77777778
105 10.00000000 1.00000000
106 9.78947368 1.00000000
107 9.57894737 1.00000000
108 9.36842105 1.00000000
109 9.15789474 1.00000000
110 8.94736842 1.00000000
111 8.73684211 1.00000000
112 8.52631579 1.00000000
113 8.31578947 1.00000000
114 8.10526316 1.00000000
115 7.89473684 1.00000000
116 7.68421053 1.00000000
117 7.47368421 1.00000000
118 7.26315789 1.00000000
119 7.05263158 1.00000000
120 6.84210526 1.00000000
121 6.63157895 1.00000000
122 6.42105263 1.00000000
123 6.21052632 1.00000000
124 6.00000000 1.00000000
125 5.78947368 1.00000000
126 5.57894737 1.00000000
127 5.36842105 1.00000000
128 5.15789474 1.00000000
129 4.94736842 1.00000000
130 4.73684211 1.00000000
131 4.52631579 1.00000000
132 4.31578947 1.00000000
133 4.10526316 1.00000000
134 3.89473684 1.00000000
135 3.68421053 1.00000000
136 3.47368421 1.00000000
137 3.26315789 1.00000000
138 3.05263158 1.00000000
139 2.84210526 1.00000000
140 2.63157895 1.00000000
141 2.42105263 1.00000000
142 2.21052632 1.00000000
143 2.00000000 1.00000000
144 1.78947368 1.00000000
145 1.57894737 1.00000000
146 1.36842105 1.00000000
147 1.15789474 1.00000000
148 0.94736842 1.00000000
149 0.73684211 1.00000000
150 0.52631579 1.00000000
151 0.31578947 1.00000000
152 0.10526316 1.00000000
153 -0.10526316 1.00000000
154 -0.31578947 1.00000000
155 -0.52631579 1.00000000
156 -0.73684211 1.00000000
157 -0.94736842 1.00000000
158 -1.15789474 1.00000000
159 -1.36842105 1.00000000
160 -1.57894737 1.00000000
161 -1.78947368 1.00000000
162 -2.00000000 1.00000000
163 -2.21052632 1.00000000
164 -2.42105263 1.00000000
165 -2.63157895 1.00000000
166 -2.84210526 1.00000000
167 -3.05263158 1.00000000
168 -3.26315789 1.00000000
169 -3.47368421 1.00000000
170 -3.68421053 1.00000000
171 -3.89473684 1.00000000
172 -4.10526316 1.00000000
173 -4.31578947 1.00000000
174 -4.52631579 1.00000000
175 -4.73684211 1.00000000
176 -4.94736842 1.00000000
177 -5.15789474 1.00000000
178 -5.36842105 1.00000000
179 -5.57894737 1.00000000
180 -5.78947368 1.00000000
181 -6.00000000 1.00000000
182 -6.21052632 1.00000000
183 -6.42105263 1.00000000
184 -6.63157895 1.00000000
185 -6.84210526 1.00000000
186 -7.05263158 1.00000000
187 -7.26315789 1.00000000
188 -7.47368421 1.00000000
189 -7.68421053 1.00000000
190 -7.89473684 1.00000000
191 -8.10526316 1.00000000
192 -8.31578947 1.00000000
193 -8.52631579 1.00000000
194 -8.73684211 1.00000000
195 -8.94736842 1.00000000
196 -9.15789474 1.00000000
197 -9.36842105 1.00000000
198 -9.57894737 1.00000000
199 -9.78947368 1.00000000
200 -10.00000000 1.00000000
201 -10.00000000 0.77777778
202 -10.00000000 0.55555556
203 -10.00000000 0.33333333
204 -10.00000000 0.11111111
205 -10.00000000 -0.11111111
206 -10.00000000 -0.33333333
207 -10.00000000 -0.55555556
208 -10.00000000 -0.77777778
209 -9.68421053 -0.68944291
210 -8.84210526 -0.62679492
211 -7.78947368 -0.62679492
212 -6.94736842 -0.62679492
213 -5.89473684 -0.62679492
214 -4.84210526 -0.62679492
215 -4.00000000 -0.62679492
216 -3.15789474 -0.62679492
217 -2.10526316 -0.62679492
218 -1.26315789 -0.62679492
219 -0.42105263 -0.62679492
220 -9.60606130 0.44444444
221 0.42105263 -0.62679492
222 1.47368421 -0.62679492
223 2.52631579 -0.62679492
224 3.57894737 -0.62679492
225 4.42105263 -0.62679492
226 5.26315789 -0.62679492
227 6.31578947 -0.62679492
228 7.15789474 -0.62679492
229 8.00000000 -0.62679492
230 9.05263158 -0.62679492
231 9.68421053 -0.68944291
232 9.60606130 0.22222222
233 9.67218973 0.66666667
234 -9.86083122 -0.66666667
235 -9.83928931 -0.83635965
236 -9.73926837 -0.42019482
237 -9.47368421 -0.79120312
238 -9.05263158 -0.76886297
239 -8.84210526 -0.82824229
240 -8.63157895 -0.81735403
241 -8.42105263 0.62679492
242 -7.57894737 -0.76886297
243 -7.36842105 0.62679492
244 -8.21052632 -0.62679492
245 -7.78947368 -0.82824229
246 -8.00000000 -0.72751860
247 -6.73684211 -0.76886297
248 -6.52631579 0.62679492
249 -7.15789474 -0.76886297
250 -6.94736842 -0.82824229
251 -6.31578947 -0.62679492
252 -6.10526316 -0.76886297
253 -5.89473684 -0.82824229
254 -5.68421053 -0.81735403
255 -5.47368421 0.62679492
256 -5.26315789 -0.62679492
257 -5.05263158 -0.76886297
258 -4.84210526 -0.82824229
259 -4.63157895 -0.81735403
260 -4.63157895 0.62679492
261 -4.21052632 -0.76886297
262 -4.00000000 -0.82824229
263 -3.78947368 -0.81735403
264 -3.57894737 0.62679492
265 -3.36842105 -0.76886297
266 -3.15789474 -0.82824229
267 -2.94736842 -0.81735403
268 -2.73684211 0.62679492
269 -2.52631579 -0.62679492
270 -2.31578947 -0.76886297
271 -2.10526316 -0.82824229
272 -1.89473684 -0.81735403
273 -1.89473684 0.62679492
274 -1.47368421 -0.76886297
275 -1.26315789 -0.82824229
276 -1.05263158 -0.81735403
277 -1.05263158 0.62679492
278 -0.63157895 -0.76886297
279 -0.42105263 -0.82824229
280 -0.21052632 -0.81735403
281 -0.21052632 0.62679492
282 -9.26315789 0.62679492
283 -9.68421053 0.72669795
284 -9.81870020 0.44444444
285 -9.60606130 0.00000000
286 0.21052632 -0.76886297
287 0.42105263 -0.82824229
288 0.63157895 -0.81735403
289 0.84210526 0.62679492
290 1.68421053 -0.76886297
291 1.89473684 0.62679492
292 1.05263158 -0.62679492
293 1.47368421 -0.82824229
294 1.26315789 -0.72751860
295 2.10526316 -0.62679492
296 2.52631579 -0.82824229
297 2.73684211 -0.81735403
298 2.31578947 -0.72751860
299 2.94736842 0.62679492
300 3.78947368 -0.76886297
301 4.00000000 0.62679492
302 3.15789474 -0.62679492
303 3.57894737 -0.82824229
304 3.36842105 -0.72751860
305 4.63157895 -0.76886297
306 4.84210526 0.62679492
307 4.21052632 -0.76886297
308 4.42105263 -0.82824229
309 5.47368421 -0.76886297
310 5.68421053 0.62679492
311 5.05263158 -0.76886297
312 5.26315789 -0.82824229
313 6.52631579 -0.76886297
314 6.73684211 0.62679492
315 5.89473684 -0.62679492
316 6.31578947 -0.82824229
317 6.10526316 -0.72751860
318 7.36842105 -0.76886297
319 7.57894737 0.62679492
320 6.94736842 -0.76886297
321 7.15789474 -0.82824229
322 8.21052632 -0.76886297
323 8.42105263 0.62679492
324 7.78947368 -0.76886297
325 8.00000000 -0.82824229
326 9.05263158 -0.82824229
327 9.26315789 -0.81735403
328 8.79324383 -0.72751860
329 8.89501749 -0.84978173
330 9.68421053 -0.86256090
331 9.84889532 -0.84546008
332 9.48055088 -0.77600190
333 9.86032759 -0.66846712
334 9.79470225 -0.44444444
335 9.81870020 0.22222222
336 9.05263158 0.62679492
337 9.85492539 0.66666667
338 9.83972785 0.83677511
339 9.76355756 0.45041524
340 9.47368421 0.79084717
341 -9.67143719 -0.85823138
342 -9.81814931 -0.22222222
343 -9.89218157 -0.44444444
344 -9.26315789 -0.81600028
345 -9.46488222 -0.50433966
346 -8.42105263 -0.81767857
347 -8.42105263 0.82824229
348 -8.63157895 0.81735403
349 -8.16166488 0.72751860
350 -8.26343854 0.84978173
351 -7.36842105 -0.81252393
352 -7.36842105 0.82824229
353 -7.57894737 0.81735403
354 -7.10903330 0.72751860
355 -7.21080696 0.84978173
356 -8.21052632 -0.82824229
357 -8.00000000 -0.45714233
358 -8.00000000 -0.88409158
359 -6.52631579 -0.81252393
360 -6.52631579 0.82824229
361 -6.73684211 0.81735403
362 -6.26692804 0.72751860
363 -6.36870170 0.84978173
364 -6.31578947 -0.82824229
365 -5.47368421 -0.81767857
366 -5.47368421 0.82824229
367 -5.68421053 0.81735403
368 -5.21429646 0.72751860
369 -5.31607012 0.84978173
370 -5.26315789 -0.82824229
371 -4.42105263 -0.81767857
372 -4.63157895 0.82824229
373 -4.84210526 0.81735403
374 -4.37219120 0.72751860
375 -4.47396486 0.84978173
376 -3.57894737 -0.81767857
377 -3.57894737 0.82824229
378 -3.78947368 0.81735403
379 -3.31955962 0.72751860
380 -3.42133328 0.84978173
381 -2.73684211 -0.81767857
382 -2.73684211 0.82824229
383 -2.94736842 0.81735403
384 -2.47745436 0.72751860
385 -2.57922801 0.84978173
386 -2.52631579 -0.82824229
387 -1.68421053 -0.81767857
388 -1.89473684 0.82824229
389 -2.10526316 0.81735403
390 -1.63534909 0.72751860
391 -1.73712275 0.84978173
392 -0.84210526 -0.81767857
393 -1.05263158 0.82824229
394 -1.26315789 0.81735403
395 -0.79324383 0.72751860
396 -0.89501749 0.84978173
397 0.00000000 -0.81767857
398 -0.21052632 0.82824229
399 -0.42105263 0.81735403
400 0.04886143 0.72751860
401 -0.05291222 0.84978173
402 -9.05263158 0.76886297
403 -9.26315789 0.82824229
404 -9.47368421 0.81735403
405 -9.68421053 0.88362020
406 -9.84619541 0.84290227
407 -9.86226302 0.66666667
408 -9.80720703 0.22222222
409 -9.71238075 0.56695272
410 -9.53066695 0.61726491
411 -9.39090631 0.45343724
412 -9.39926265 0.68800122
413 -9.81870020 -0.00000000
414 0.84210526 -0.81767857
415 0.84210526 0.82824229
416 0.63157895 0.81735403
417 1.10149301 0.72751860
418 0.99971935 0.84978173
419 1.89473684 -0.81252393
420 1.89473684 0.82824229
421 1.68421053 0.81735403
422 2.15412459 0.72751860
423 2.05235093 0.84978173
424 1.05263158 -0.82824229
425 1.26315789 -0.45714233
426 1.26315789 -0.88409158
427 2.10526316 -0.82824229
428 2.94736842 -0.81767857
429 2.31578947 -0.45714233
430 2.31578947 -0.88409158
431 2.94736842 0.82824229
432 2.73684211 0.81735403
433 3.20675617 0.72751860
434 3.10498251 0.84978173
435 4.00000000 -0.81252393
436 4.00000000 0.82824229
437 3.78947368 0.81735403
438 4.25938775 0.72751860
439 4.15761409 0.84978173
440 3.15789474 -0.82824229
441 3.36842105 -0.45714233
442 3.36842105 -0.88409158
443 4.84210526 -0.81252393
444 4.84210526 0.82824229
445 4.63157895 0.81735403
446 5.10149301 0.72751860
447 4.99971935 0.84978173
448 5.68421053 -0.81252393
449 5.68421053 0.82824229
450 5.47368421 0.81735403
451 5.94359828 0.72751860
452 5.84182462 0.84978173
453 6.73684211 -0.81252393
454 6.73684211 0.82824229
455 6.52631579 0.81735403
456 6.99622985 0.72751860
457 6.89445620 0.84978173
458 5.89473684 -0.82824229
459 6.10526316 -0.45714233
460 6.10526316 -0.88409158
461 7.57894737 -0.81252393
462 7.57894737 0.82824229
463 7.36842105 0.81735403
464 7.83833512 0.72751860
465 7.73656146 0.84978173
466 8.42105263 -0.81252393
467 8.42105263 0.82824229
468 8.21052632 0.81735403
469 8.68044038 0.72751860
470 8.57866672 0.84978173
471 8.63157895 -0.83613319
472 8.55701987 -0.55053698
473 8.64420547 -0.68030638
474 8.78626972 -0.49068795
475 9.32297240 -0.53969960
476 9.80714790 -0.22222222
477 9.05263158 0.82824229
478 8.85389768 0.82458111
479 9.25587287 0.72751860
480 8.85218374 0.62412279
481 8.63558449 0.45867852
482 8.71117058 0.58422914
483 8.56952721 0.62879194
484 8.83211633 0.42588724
485 8.67572051 0.09388614
486 8.70709767 0.28194255
487 8.35803696 0.24353739
488 9.02478123 0.13229130
489 8.53798344 0.21351337
490 8.88704415 0.25191853
491 8.39478589 -0.09047009
492 9.11497558 0.37524764
493 8.50925420 0.04132708
494 8.66943141 -0.21339734
495 8.55073862 -0.11031043
496 8.44329662 -0.33200152
497 9.66258181 0.84368695
498 9.49764932 0.46549454
499 9.90781055 0.44444444
500 -9.57642062 -0.24060804
501 -9.53326263 -0.64580828
502 -9.35104067 -0.65604335
503 -9.13903265 -0.37838184
504 -9.28419412 -0.48731398
505 -9.17062965 -0.62991170
506 -9.34189542 -0.25923587
507 -8.52581182 -0.49060229
508 -8.84210526 0.81767857
509 -8.00000000 0.83613319
510 -7.88828874 0.49523866
511 -7.78991177 0.81692113
512 -7.99221932 0.64993175
513 -8.19539571 0.43002881
514 -8.04959108 0.49912709
515 -8.00000122 0.20610655
516 -7.39628537 -0.41748837
517 -6.94736842 0.83613319
518 -6.86745418 0.54256621
519 -6.95700122 0.67585043
520 -7.10948478 0.47668110
521 -8.06467908 -0.59233047
522 -8.17362041 -0.45714233
523 -8.34643689 -0.50838868
524 -8.08681021 -0.14936123
525 -8.08681021 -0.31549426
526 -7.79230217 -0.23242775
527 -8.34999656 -0.23242775
528 -8.45073782 -0.64687165
529 -8.63068086 -0.63715084
530 -8.42342056 -0.37137828
531 -8.63302953 -0.17174252
532 -8.58762968 -0.33393271
533 -8.86589322 -0.32437430
534 -8.70715990 -0.47162700
535 -6.57958065 -0.53996580
536 -6.10526316 0.83613319
537 -5.99355190 0.49523866
538 -5.89517493 0.81692113
539 -6.09748248 0.64993175
540 -6.30065887 0.43002881
541 -6.15485423 0.49912709
542 -6.10526438 0.20610655
543 -5.57844340 -0.49060229
544 -5.05263158 0.83613319
545 -4.97271734 0.54256621
546 -5.06226438 0.67585043
547 -5.21474794 0.47668110
548 -4.40232608 -0.42006569
549 -4.21052632 0.83613319
550 -4.09881506 0.49523866
551 -4.00043809 0.81692113
552 -4.20274564 0.64993175
553 -4.40592203 0.43002881
554 -4.26011739 0.49912709
555 -4.18635933 0.21123833
556 -3.56022081 -0.42006569
557 -3.15789474 0.83613319
558 -3.07798050 0.54256621
559 -3.16752753 0.67585043
560 -3.32001109 0.47668110
561 -2.84160129 -0.49060229
562 -2.31578947 0.83613319
563 -2.23587524 0.54256621
564 -2.32542227 0.67585043
565 -2.47790583 0.47668110
566 -1.66548397 -0.42006569
567 -1.47368421 0.83613319
568 -1.39376997 0.54256621
569 -1.48331701 0.67585043
570 -1.63580057 0.47668110
571 -0.82337871 -0.42006569
572 -0.63157895 0.83613319
573 -0.55166471 0.54256621
574 -0.64121174 0.67585043
575 -0.79369530 0.47668110
576 0.01872656 -0.42006569
577 0.21052632 0.83613319
578 0.32223758 0.49523866
579 0.42061454 0.81692113
580 0.21830699 0.64993175
581 0.01513060 0.43002881
582 0.16093524 0.49912709
583 0.23469330 0.21123833
584 -9.48900769 0.22222222
585 0.73734607 -0.49060229
586 1.26315789 0.83613319
587 1.37486916 0.49523866
588 1.47324612 0.81692113
589 1.27093857 0.64993175
590 1.06776218 0.43002881
591 1.21356682 0.49912709
592 1.28732488 0.21123833
593 1.84147198 -0.53996580
594 2.31578947 0.83613319
595 2.42750073 0.49523866
596 2.52587770 0.81692113
597 2.32357015 0.64993175
598 2.12039376 0.43002881
599 2.26619840 0.49912709
600 2.31578825 0.20610655
601 1.19847882 -0.59233047
602 1.08953748 -0.45714233
603 0.91672101 -0.50838868
604 1.17634769 -0.14936123
605 1.17634769 -0.31549426
606 1.47085573 -0.23242775
607 0.91316133 -0.23242775
608 0.81242008 -0.64687165
609 0.63247703 -0.63715084
610 0.83973733 -0.37137828
611 0.63012837 -0.17174252
612 0.67552821 -0.33393271
613 0.37571316 -0.33040695
614 0.55599799 -0.47162700
615 2.84260923 -0.49060229
616 2.25111040 -0.59233047
617 2.14216906 -0.45714233
618 2.22897927 -0.14936123
619 2.22897927 -0.31549426
620 2.52348731 -0.23242775
621 1.93447123 -0.23242775
622 3.36842105 0.83613319
623 3.48013231 0.49523866
624 3.57850928 0.81692113
625 3.37620173 0.64993175
626 3.17302534 0.43002881
627 3.31882998 0.49912709
628 3.36841983 0.20610655
629 3.97213568 -0.41748837
630 4.42105263 0.83613319
631 4.50096687 0.54256621
632 4.41141983 0.67585043
633 4.25893627 0.47668110
634 3.30374198 -0.59233047
635 3.19480064 -0.45714233
636 3.02198417 -0.50838868
637 3.28161085 -0.14936123
638 3.28161085 -0.31549426
639 3.57611889 -0.23242775
640 3.01842449 -0.23242775
641 2.91768324 -0.64687165
642 2.73774019 -0.63715084
643 2.94500049 -0.37137828
644 2.77095590 -0.19053538
645 2.64060599 -0.45684631
646 2.76207470 -0.35124468
647 2.47821053 -0.47103990
648 4.81424095 -0.41748837
649 5.26315789 0.83613319
650 5.34307213 0.54256621
651 5.25352510 0.67585043
652 5.10104154 0.47668110
653 5.63094567 -0.53996580
654 6.10526316 0.83613319
655 6.21697442 0.49523866
656 6.31535139 0.81692113
657 6.11304383 0.64993175
658 5.90986744 0.43002881
659 6.05567208 0.49912709
660 6.10526194 0.20610655
661 6.70897779 -0.41748837
662 7.15789474 0.83613319
663 7.23780898 0.54256621
664 7.14826194 0.67585043
665 6.99577838 0.47668110
666 6.04058408 -0.59233047
667 5.93164274 -0.45714233
668 6.01845295 -0.14936123
669 6.01845295 -0.31549426
670 6.31296099 -0.23242775
671 5.72394491 -0.23242775
672 7.60681169 -0.41748837
673 8.00000000 0.83613319
674 8.07991424 0.54256621
675 7.99036720 0.67585043
676 7.83788364 0.47668110
677 8.35306374 -0.61096279
678 8.89530471 -0.60599514
679 9.00327944 -0.39468818
680 9.35178617 -0.69117696
681 9.51643935 -0.58137778
682 9.66581739 -0.53373326
683 9.61514748 -0.32292878
684 9.45238597 -0.40884014
685 9.38146958 -0.07735321
686 9.23044779 -0.31877574
687 9.46367602 -0.23309563
688 9.63206053 -0.12179318
689 9.81292003 -0.00932148
690 9.33740650 0.85332587
691 9.22428739 0.53583908
692 9.32256817 0.35144202
693 9.38839282 0.60723947
694 9.20063965 0.20522608
695 9.47461916 0.30943883
696 9.36124618 0.19524301
697 9.27170099 0.05155154
698 9.19249354 -0.12708639
699 9.12182264 0.01112797
700 8.88478034 -0.07927995
701 9.03603835 -0.11990940
702 8.92120136 -0.24556076
703 8.63756835 -0.39008368
704 8.78602421 -0.33085227
705 8.08758943 -0.27780671
706 9.63430526 0.52323269
707 9.61725331 0.37300238
708 -9.68975696 -0.13244028
709 -9.58256925 -0.39866038
710 -9.44745584 -0.10259102
711 -9.11698754 0.00621607
712 -9.26687708 -0.09479206
713 -9.09510812 -0.18796882
714 -9.30103062 0.11760684
715 -9.01111577 -0.30761698
716 -8.98829301 -0.49986795
717 -8.91983894 -0.15423597
718 -9.45429182 0.06073791
719 -8.73734865 0.48892911
720 -7.68400175 0.60864766
721 -7.43806345 -0.61893574
722 -7.22526182 -0.55801272
723 -7.61703611 -0.47676282
724 -6.61016235 -0.68742598
725 -6.45893780 -0.67671608
726 -6.76462909 -0.57848993
727 -6.74039753 -0.23118803
728 -6.91121267 -0.39376639
729 -6.70353475 -0.40825626
730 -6.40807302 -0.25437460
731 -6.57750518 -0.28964767
732 -6.55531853 0.02834535
733 -6.61125710 -0.12752227
734 -6.85959811 0.04957520
735 -5.78926491 0.60864766
736 -5.57872151 -0.67100616
737 -5.41838562 -0.66713063
738 -5.38515168 -0.47617135
739 -5.72717031 -0.58057516
740 -5.81230393 -0.27193695
741 -5.72621114 -0.41425001
742 -5.51697574 -0.19047471
743 -5.91956663 -0.43402350
744 -5.05714075 -0.33522181
745 -5.49160456 -0.35202910
746 -5.27699970 -0.27571706
747 -6.10811204 -0.19271688
748 -6.09651890 -0.55480052
749 -5.20126868 -0.45195462
750 -5.97346329 -0.28182229
751 -5.90765349 -0.03608819
752 -6.13173429 -0.37470062
753 -5.01772327 -0.53123239
754 -6.24917450 -0.26693139
755 -6.29519093 -0.00829739
756 -6.34246143 -0.43576025
757 -4.82762588 -0.39103535
758 -4.52600126 -0.61348833
759 -3.89452807 0.60864766
760 -3.68389600 -0.61348833
761 -2.84187940 -0.67100616
762 -2.68154352 -0.66713063
763 -2.64830957 -0.47617135
764 -2.99032820 -0.58057516
765 -3.07546182 -0.27193695
766 -3.11667712 -0.44936620
767 -2.32029865 -0.33522181
768 -2.76780808 -0.17729265
769 -2.96723565 -0.39057857
770 -2.81717615 -0.33101009
771 -2.64500064 -0.30151990
772 -2.92571046 -0.21136681
773 -2.49027198 -0.39180845
774 -2.48618371 -0.02170257
775 -2.90716336 0.08558764
776 -2.60505367 -0.13921394
777 -3.07694520 -0.05286460
778 -2.43311111 -0.19426657
779 -2.68848753 0.06406234
780 -3.32996707 -0.30631917
781 -2.34859588 -0.53379724
782 -2.15373905 -0.01390149
783 -3.30470486 -0.49918827
784 -2.17964322 -0.45656929
785 -2.31886123 -0.06468534
786 -2.18667142 -0.20065975
787 -2.31892009 0.22934294
788 -1.92206202 -0.44538222
789 -1.89905998 -0.15509353
790 -2.05071193 -0.12835170
791 -2.04168204 -0.30930551
792 -1.93606079 0.07845349
793 -1.61877354 -0.62151306
794 -1.44047412 -0.59105570
795 -1.78188608 -0.55319548
796 -1.28846023 -0.29459256
797 -1.32265820 -0.46426203
798 -1.07105779 -0.46431318
799 -1.48141378 -0.34398268
800 -1.47249206 0.02276580
801 -1.65782864 -0.17788138
802 -1.42523189 -0.16186664
803 -1.12155961 0.01422882
804 -1.29822977 -0.03099325
805 -1.28031436 0.26672799
806 -1.24147444 0.11499114
807 -1.02461027 0.25134096
808 -0.77666827 -0.62151306
809 -0.59836885 -0.59105570
810 -0.92788016 -0.55043603
811 -1.08032619 -0.64179820
812 -0.44635497 -0.29459256
813 -0.48055293 -0.46426203
814 -0.22895253 -0.46431318
815 -0.63930852 -0.34398268
816 -0.63038680 0.02276580
817 -0.82477263 -0.15598823
818 -0.58312663 -0.16186664
819 -0.27945435 0.01422882
820 -0.45612451 -0.03099325
821 -0.43820910 0.26672799
822 -0.39936917 0.11499114
823 -0.18250501 0.25134096
824 0.06543699 -0.62151306
825 0.24373641 -0.59105570
826 -0.08577490 -0.55043603
827 -0.23822093 -0.64179820
828 0.35739857 -0.48487044
829 0.20041018 -0.38793896
830 0.19882986 -0.08727911
831 0.24808247 -0.23735431
832 0.42588054 -0.12754230
833 0.04698736 -0.22023134
834 0.60271432 0.19558952
835 -0.02849414 0.01915931
836 0.56209065 0.00786879
837 0.81520042 0.00105594
838 0.41591205 0.13775850
839 0.45588732 0.33924702
840 0.27675647 0.05477191
841 0.11726904 0.09578377
842 0.06790779 0.26342821
843 0.68842897 0.43005725
844 0.30486170 0.34510174
845 0.52652456 0.60864766
846 1.57915614 0.60864766
847 1.81089028 -0.68742598
848 1.96211483 -0.67671608
849 1.65642354 -0.57848993
850 1.70154104 -0.33151242
851 1.51922613 -0.42927455
852 1.38198753 -0.35863132
853 1.31601683 -0.21778628
854 1.41513016 0.00431386
855 2.63178772 0.60864766
856 3.68441930 0.60864766
857 3.93035760 -0.61893574
858 4.14315923 -0.55801272
859 3.75138495 -0.47676282
860 4.77246286 -0.61893574
861 4.98526450 -0.55801272
862 4.59349021 -0.47676282
863 5.60036397 -0.68742598
864 5.75158851 -0.67671608
865 5.44589723 -0.57848993
866 5.49063879 -0.32970665
867 5.30762486 -0.42520798
868 5.22983430 -0.05302410
869 5.14814021 -0.49572596
870 5.14174514 -0.26565720
871 5.01221211 -0.38438101
872 4.86651407 -0.09539278
873 4.98011791 -0.21933969
874 5.04487856 -0.04594777
875 5.14718442 0.20739033
876 4.89074757 0.16362135
877 6.42126140 0.60864766
878 6.66719970 -0.61893574
879 6.88000134 -0.55801272
880 6.48822705 -0.47676282
881 7.51131312 -0.60925276
882 8.42526475 -0.48024294
883 8.25337431 -0.38411704
884 8.25261591 -0.20287855
885 8.08589670 -0.46286762
886 8.16556106 0.05333499
887 7.85317193 -0.36820071
888 9.15569271 -0.48358118
889 9.64908382 0.05248352
890 9.08629077 -0.26524259
891 -9.07863082 0.35706754
892 -9.32800419 0.29032968
893 -8.73706939 0.67008327
894 -8.93856683 0.57981661
895 -8.58853492 0.57927700
896 -8.50277991 0.27029735
897 -8.46089568 0.44831217
898 -8.61072752 0.38963059
899 -8.83498470 0.23404778
900 -8.66653460 0.23065732
901 -8.75501977 0.02069498
902 -8.53668661 0.05230855
903 -7.83350290 0.66368932
904 -7.60075656 0.21799702
905 -7.52871601 0.66127632
906 -7.53872766 0.43540982
907 -7.09636761 -0.63301784
908 -7.02750057 -0.49504279
909 -7.14889174 -0.23825822
910 -7.16563223 -0.40325728
911 -7.63702244 -0.62790235
912 -7.55947256 -0.25044310
913 -7.80676864 -0.43280660
914 -5.93876605 0.66368932
915 -5.63397917 0.66127632
916 -5.61832593 0.35968320
917 -5.06158472 0.08427982
918 -5.11749088 -0.63795570
919 -4.32590889 -0.60517765
920 -4.16273411 -0.61266448
921 -4.05631769 -0.33124701
922 -4.23750490 -0.46035397
923 -4.26764415 -0.22636540
924 -4.61594373 -0.41972825
925 -4.68229895 -0.66181616
926 -4.04402921 0.66368932
927 -3.83346230 0.25794947
928 -3.73924232 0.66127632
929 -3.75497232 0.45228231
930 -3.93463090 0.41182818
931 -3.52526346 0.24648689
932 -4.07781871 0.33327334
933 -3.99925797 0.15411299
934 -3.67729231 0.30789052
935 -3.68625961 0.06678298
936 -3.53595523 0.43892065
937 -4.15497676 -0.02094216
938 -3.48380363 -0.60517765
939 -3.84019368 -0.66181616
940 -3.82965554 -0.41899156
941 -3.16430743 0.22759289
942 -2.80817483 -0.03031453
943 -2.77168788 0.34035689
944 -3.21970332 -0.16337244
945 -3.26486550 0.04243378
946 -3.44362107 -0.10465071
947 -2.24967623 -0.63981388
948 -2.51931911 0.18161845
949 -2.44684059 0.32188338
950 -2.29892754 0.39166279
951 -2.60703897 0.37025031
952 -2.07702735 0.28194073
953 -2.67134892 0.21989758
954 -1.78930210 -0.70621197
955 -1.93619836 -0.62240462
956 -1.79057462 -0.29489849
957 -1.76403941 -0.01399772
958 -1.61357181 -0.03284042
959 -1.63235484 0.22158578
960 -1.78539277 0.15253395
961 -1.78110648 0.34714744
962 -1.79199818 0.50563147
963 -1.97934565 0.45091265
964 -1.91545100 0.25275238
965 -2.06975408 0.60269577
966 -2.13260251 0.42678899
967 0.84019712 0.24167392
968 0.87809634 0.44029259
969 0.37702342 0.66368932
970 0.54254396 0.46048643
971 0.68588405 0.59043401
972 1.42965500 0.66368932
973 1.73444189 0.66127632
974 1.75009512 0.35968320
975 1.22849019 0.03196834
976 1.06102211 0.18621924
977 1.03464529 -0.01045204
978 1.68254001 -0.05767101
979 2.48228658 0.66368932
980 2.71503292 0.21799702
981 2.78707347 0.66127632
982 2.77706181 0.43540982
983 3.53491816 0.66368932
984 3.76766449 0.21799702
985 3.83970505 0.66127632
986 3.82969339 0.43540982
987 4.27205344 -0.63301784
988 4.33590825 -0.37503203
989 3.73139862 -0.62790235
990 3.80894850 -0.25044310
991 3.56165241 -0.43280660
992 4.57350388 -0.62790235
993 5.33057703 -0.21932281
994 5.53147962 -0.09924506
995 4.64411144 -0.22458841
996 6.27176026 0.66368932
997 6.50450660 0.21799702
998 6.57654715 0.66127632
999 6.56653550 0.43540982
1000 7.00889554 -0.63301784
1001 7.07275036 -0.37503203
1002 6.46824072 -0.62790235
1003 6.54579060 -0.25044310
1004 6.29849452 -0.43280660
1005 7.70850099 -0.58779091
1006 7.85084021 -0.63277987
1007 7.33339865 -0.59374131
1008 8.18373754 -0.60139580
1009 -9.21795461 0.45973616
1010 -9.10421258 0.58015784
1011 -9.13413925 0.18561358
1012 -8.96854904 0.11092654
1013 -8.89688945 0.40390243
1014 -8.77419764 -0.12634714
1015 -8.47144429 -0.10848540
1016 -8.26875810 -0.03135157
1017 -7.71929369 0.43152146
1018 -7.85872902 0.31767029
1019 -7.79686618 0.09410617
1020 -7.30439106 0.25099751
1021 -6.94547505 -0.18674437
1022 -6.81908535 -0.09891020
1023 -6.70942454 0.01077911
1024 -6.66351164 0.29274968
1025 -6.75041051 0.16217606
1026 -6.86754736 0.33433566
1027 -7.10198379 0.00389319
1028 -6.96910736 0.43849640
1029 -7.09183673 0.26443490
1030 -7.68346637 -0.33938615
1031 -7.35508271 -0.21400558
1032 -7.23663865 -0.09564142
1033 -7.26188563 0.07936467
1034 -7.41810538 -0.03249628
1035 -5.81238977 0.40960455
1036 -5.96625381 0.31854412
1037 -5.77114890 0.16776226
1038 -5.11852333 -0.12609771
1039 -4.50879128 -0.20236622
1040 -4.73663618 -0.51494798
1041 -4.11200884 -0.17811721
1042 -3.86559096 -0.17519045
1043 -3.99018124 -0.06035172
1044 -3.83139916 -0.01309094
1045 -3.67172818 -0.13142629
1046 -3.97962874 -0.46977338
1047 -3.69513958 -0.47004863
1048 -3.68108572 -0.30089980
1049 -3.51803494 -0.25640132
1050 -3.06427035 0.10491897
1051 -2.96313752 0.27875700
1052 -2.91476239 0.45671761
1053 -3.09548128 0.37804600
1054 -2.92375823 0.63769648
1055 -3.34637939 0.20658876
1056 -3.46976981 0.07432956
1057 -2.17488261 0.14944778
1058 -2.18180724 0.69442589
1059 0.70757611 0.29015634
1060 0.73853318 0.13062794
1061 1.55603128 0.40960455
1062 1.40744273 0.32970461
1063 1.58845397 0.17119486
1064 1.16237869 0.30541521
1065 0.97488134 0.31059854
1066 0.92482616 0.11127481
1067 0.92033810 -0.09212446
1068 0.77900656 -0.14568735
1069 1.53352035 -0.09274810
1070 2.59649579 0.43152146
1071 2.45706045 0.31767029
1072 2.51892329 0.09410617
1073 2.97272399 0.26203151
1074 3.64912737 0.43152146
1075 3.50969203 0.31767029
1076 3.57155487 0.09410617
1077 4.06402999 0.25099751
1078 4.15138521 -0.37366809
1079 4.24606462 -0.04724162
1080 4.01659459 -0.21082454
1081 4.24475950 -0.22380710
1082 4.44447006 -0.20651609
1083 4.49212879 -0.35644590
1084 4.57226791 0.09350588
1085 4.55682006 -0.07714340
1086 4.71642252 -0.00556740
1087 4.40956386 0.02221065
1088 4.39774299 0.27048968
1089 4.26317145 0.13966164
1090 4.08872026 0.06139426
1091 3.92673595 0.13670977
1092 4.10191075 -0.08776504
1093 3.94954921 -0.02607583
1094 3.77301256 0.03217515
1095 3.91002492 0.29639440
1096 4.03592057 0.43956166
1097 3.68495469 -0.33938615
1098 5.58498873 -0.22757714
1099 5.64561630 -0.37823274
1100 5.79567127 0.07688493
1101 4.68133834 -0.36322933
1102 4.80248777 -0.25638071
1103 6.38596947 0.43152146
1104 6.24653413 0.31767029
1105 6.30839697 0.09410617
1106 6.80087210 0.25099751
1107 6.88822732 -0.37366809
1108 6.98290673 -0.04724162
1109 6.75343670 -0.21082454
1110 6.98160161 -0.22380710
1111 7.29525606 -0.13783798
1112 7.12630496 -0.13658914
1113 7.21299435 0.16229013
1114 7.12749994 0.02507595
1115 7.00480674 0.19676444
1116 6.42179679 -0.33938615
1117 -8.89491994 -0.01260312
1118 -8.09293289 0.04046772
1119 -7.92381535 -0.04909083
1120 -8.21351279 0.21700814
1121 -8.34286450 0.32660642
1122 -8.37373348 0.15904193
1123 -7.74480356 0.22885367
1124 -7.66241455 -0.06731343
1125 -7.45933347 0.29520331
1126 -7.46019483 0.12865168
1127 -7.33446561 0.43922684
1128 -6.96725911 -0.04506485
1129 -7.00032915 0.13040260
1130 -5.94406117 0.13592060
1131 -6.09276884 0.01458743
1132 -5.68293555 -0.03893722
1133 -4.89651337 -0.17450348
1134 -5.35137223 0.04981674
1135 -4.39490426 -0.28155311
1136 -4.38079382 -0.13976948
1137 -4.55575930 0.05583634
1138 -3.91672344 -0.30727613
1139 1.43355552 0.15862534
1140 1.82281518 0.13376784
1141 2.57098592 0.22885367
1142 2.34099802 0.01161633
1143 2.08293270 0.07704494
1144 2.39003279 -0.14196906
1145 2.53691765 -0.06894117
1146 2.69590186 0.03112139
1147 2.83331973 0.30180420
1148 2.86155448 0.13657367
1149 2.94448924 0.42726204
1150 3.10081296 0.03654737
1151 3.62361750 0.22885367
1152 3.39362960 0.01161633
1153 3.25302700 0.09227042
1154 3.20268829 0.25870098
1155 3.44266437 -0.14196906
1156 3.58954923 -0.06894117
1157 3.73520720 -0.11622575
1158 4.63953103 0.33437650
1159 4.40325500 0.42401792
1160 4.22644508 0.30773646
1161 5.69849091 -0.06355260
1162 5.85306728 -0.12660968
1163 5.56997288 0.12922201
1164 5.95644681 0.01239033
1165 6.14652744 -0.00750437
1166 5.93233711 0.18493058
1167 5.73770188 0.29066625
1168 6.17409896 -0.16114114
1169 6.18092594 -0.31873333
1170 6.30903543 -0.06918376
1171 6.49669965 0.01319621
1172 6.44859047 -0.13215210
1173 6.60450010 -0.10312096
1174 6.68780081 0.08219273
1175 6.86523817 0.08561097
1176 6.77912237 -0.05121109
1177 6.36045960 0.22885367
1178 6.64592969 0.29520331
1179 6.77079755 0.43922684
1180 7.13565390 0.34108868
1181 7.38338312 0.34211921
1182 6.93226434 0.33452861
1183 -5.79644589 -0.12832735
1184 -5.66909044 -0.21507089
1185 -4.98547768 -0.04921249
1186 -4.77182837 0.00826111
1187 -4.90678330 0.08409432
1188 -4.71544101 0.26661107
1189 -4.98391703 0.30697853
1190 -4.70586014 -0.23307290
1191 -4.62714523 -0.09052214
1192 -5.51105497 -0.01734433
1193 -5.50367813 0.18852851
1194 -5.29331826 0.26653221
1195 -5.28672592 -0.10667655
1196 -4.34499674 0.07158502
1197 1.71712104 0.22440751
1198 1.69420247 0.08089556
1199 1.87389994 -0.05077621
1200 1.95318907 0.30039562
1201 3.08650664 0.17754380
1202 4.53692999 0.23320092
1203 4.67656749 0.19420714
1204 4.80125326 0.30213012
1205 4.98862885 0.32503187
1206 4.75131082 0.47331686
1207 4.93241401 0.48419069
1208 4.66013698 0.63084850
1209 5.39854845 0.04062814
1210 5.38033991 0.28600619
1211 5.25601434 0.09860773
1212 5.74035907 0.46340974
1213 5.85276995 0.58715998
1214 5.53818581 0.48527190
1215 5.51680895 0.65342505
1216 7.42331075 0.52420149
1217 7.61750225 0.38619963
1218 7.43365767 0.67785386
1219 7.25925455 0.40505607
1220 7.48474952 0.07543759
1221 -4.68413938 0.12445067
1222 -4.54546234 0.22951160
1223 -4.59456298 0.41249261
1224 -4.79204188 0.45310364
1225 -4.85890216 0.22545356
1226 -5.07184493 0.42921862
1227 -5.13881955 0.28829991
1228 -5.63174110 0.10508428
1229 -5.21385957 0.12911321
1230 -5.41397639 0.43140614
1231 -4.36373613 0.25279954
1232 1.95605911 0.46934311
1233 2.07090830 0.58629689
1234 1.96422190 0.15744540
1235 2.10696251 0.24036292
1236 5.22574423 0.35945020
1237 5.55780559 0.30757963
1238 7.69078710 0.52133019
1239 7.84562905 0.14418905
1240 7.52331120 0.24270062
1241 7.66277793 0.12247062
1242 7.63899129 -0.14794383
1243 7.36980160 0.18435120
1244 7.31183679 0.02804417
1245 7.77798374 0.30894950
1246 8.01767175 0.31109093
1247 7.97611756 0.44637061
1248 8.01716218 0.13949432
1249 7.92503255 -0.09064772
1250 8.20898008 0.38375510
1251 8.16404185 0.22159743
1252 8.39671344 0.43398748
1253 8.25775165 0.55524325
1254 8.09716968 -0.10531194
1255 7.93930779 -0.24242282
1256 7.79407602 -0.17952375
1257 7.77502067 -0.01052763
1258 7.71311269 -0.30847570
1259 8.52500132 0.36069182
1260 8.98724563 0.47709016
1261 -8.25659230 0.58762476
1262 -6.70954180 0.63594249
1263 -6.71257197 0.46085281
1264 -6.51550103 0.42715669
1265 -6.46287886 0.22050950
1266 -6.41548296 0.07939401
1267 -6.43754446 -0.07722112
1268 -6.26641176 0.15753279
1269 -6.33306020 0.28755655
1270 -6.18948725 0.32982542
1271 -7.20965176 0.60228055
1272 -6.36185546 0.58762476
1273 -4.81480496 0.63594249
1274 -5.31491491 0.60228055
1275 -4.46711861 0.58762476
1276 -3.42017807 0.60228055
1277 -2.57807281 0.60228055
1278 -1.23585759 0.63594249
1279 -1.23135674 0.44811680
1280 -0.39375233 0.63594249
1281 -0.38925147 0.44811680
1282 -0.89386228 0.60228055
1283 -0.99989362 0.44195828
1284 -0.04606598 0.58762476
1285 -0.16561496 0.45052262
1286 -9.64810736 0.28035746
1287 1.00656560 0.58762476
1288 3.11182875 0.58762476
1289 4.15876930 0.60228055
1290 6.89561140 0.60228055
1291 8.84592662 0.08659260
1292 8.72383612 -0.06080473
1293 -6.49281433 -0.41551754
1294 -0.86128339 0.07878467
1295 -0.76455859 -0.02639859
1296 -0.69618317 0.25542876
1297 -1.00601964 0.10536354
1298 -0.96792465 -0.06174078
1299 -1.12396969 -0.18397957
1300 -1.14333424 -0.33279482
1301 -0.96861875 -0.32239829
1302 -0.86116153 0.31483249
1303 -0.72890941 0.12053889
1304 -0.59298763 0.15897715
1305 -0.64552513 0.40986953
1306 -0.21377875 -0.22077605
1307 -0.08322184 -0.30373252
1308 -0.36124273 -0.15945743
1309 -0.30478294 -0.33734723
1310 -0.15213605 -0.07686964
1311 -0.15564990 0.10198439
1312 1.85855893 -0.37730241
1313 5.03246967 0.10638953
1314 8.33712378 0.07221106
1315 9.47684886 0.06677108
1316 -1.45113612 0.20361666
1317 -1.41629541 0.37204927
1318 -1.56144112 0.35011459
1319 1.77829104 -0.18860705
1320 2.05622652 -0.10049008
1321 2.92101152 -0.05599496
1322 3.12721441 -0.11864510
1323 7.46836056 -0.10082038
1324 7.42247197 -0.30948369
1325 7.43389475 -0.46914763
1326 7.25870380 -0.40144067
1327 7.56594867 -0.27591678

MAT. YOUNG M. POISSON C. DENSITY
1 10000.00 0.25 0.00

THICK. VALUE
1 1.00

ELEM.T3 NODES MAT. THICK.
1 2 235 1 1 1
2 311 312 226 1 1
3 309 312 74 1 1
4 235 2 341 1 1
5 239 238 6 1 1
6 860 861 648 1 1
7 455 656 877 1 1
8 237 209 341 1 1
9 71 443 305 1 1
10 237 3 4 1 1
11 403 196 197 1 1
12 75 448 309 1 1
13 458 76 77 1 1
14 240 210 239 1 1
15 346 240 8 1 1
16 305 308 70 1 1
17 13 242 12 1 1
18 858 629 857 1 1
19 67 435 300 1 1
20 11 358 10 1 1
21 308 225 987 1 1
22 246 358 245 1 1
23 309 448 863 1 1
24 1286 284 408 1 1
25 235 209 234 1 1
26 14 351 13 1 1
27 992 860 862 1 1
28 249 15 250 1 1
29 6 7 239 1 1
30 234 207 208 1 1
31 207 343 206 1 1
32 239 7 240 1 1
33 911 245 242 1 1
34 236 343 234 1 1
35 17 247 16 1 1
36 73 311 72 1 1
37 304 302 440 1 1
38 17 18 359 1 1
39 247 212 250 1 1
40 304 303 224 1 1
41 363 182 183 1 1
42 641 297 428 1 1
43 300 303 66 1 1
44 253 252 20 1 1
45 634 224 441 1 1
46 19 20 252 1 1
47 443 860 305 1 1
48 254 213 253 1 1
49 650 1214 1215 1 1
50 5 6 238 1 1
51 24 25 257 1 1
52 1208 631 1206 1 1
53 986 1095 1096 1 1
54 365 736 254 1 1
55 177 178 369 1 1
56 69 307 68 1 1
57 437 624 856 1 1
58 259 925 258 1 1
59 435 857 300 1 1
60 258 257 25 1 1
61 261 919 371 1 1
62 298 295 427 1 1
63 223 647 616 1 1
64 173 174 375 1 1
65 265 33 266 1 1
66 63 428 62 1 1
67 377 380 169 1 1
68 297 61 62 1 1
69 298 296 223 1 1
70 939 262 263 1 1
71 63 64 440 1 1
72 33 265 32 1 1
73 636 615 641 1 1
74 29 262 261 1 1
75 37 38 270 1 1
76 295 298 616 1 1
77 294 292 424 1 1
78 267 35 381 1 1
79 385 164 165 1 1
80 294 293 222 1 1
81 290 293 56 1 1
82 41 42 274 1 1
83 601 222 425 1 1
84 271 270 38 1 1
85 272 955 271 1 1
86 294 601 292 1 1
87 432 596 855 1 1
88 160 161 391 1 1
89 278 46 279 1 1
90 57 419 290 1 1
91 156 157 396 1 1
92 421 588 846 1 1
93 427 58 59 1 1
94 811 275 276 1 1
95 290 419 847 1 1
96 46 278 45 1 1
97 608 288 414 1 1
98 275 274 42 1 1
99 593 295 617 1 1
100 267 216 266 1 1
101 304 634 302 1 1
102 49 50 286 1 1
103 11 12 245 1 1
104 202 203 284 1 1
105 407 284 409 1 1
106 355 186 187 1 1
107 406 200 201 1 1
108 406 201 407 1 1
109 253 21 254 1 1
110 20 21 253 1 1
111 203 408 284 1 1
112 15 16 250 1 1
113 259 258 26 1 1
114 405 198 199 1 1
115 404 412 403 1 1
116 29 30 262 1 1
117 33 34 266 1 1
118 342 206 343 1 1
119 38 39 271 1 1
120 241 347 348 1 1
121 196 403 402 1 1
122 266 34 267 1 1
123 197 404 403 1 1
124 263 262 30 1 1
125 348 347 193 1 1
126 25 26 258 1 1
127 42 43 275 1 1
128 192 193 347 1 1
129 350 192 347 1 1
130 276 275 43 1 1
131 280 279 47 1 1
132 190 191 509 1 1
133 352 188 353 1 1
134 413 204 205 1 1
135 350 191 192 1 1
136 46 47 279 1 1
137 50 51 287 1 1
138 355 187 352 1 1
139 186 355 517 1 1
140 288 287 51 1 1
141 55 56 293 1 1
142 183 184 360 1 1
143 297 296 61 1 1
144 536 182 363 1 1
145 360 363 183 1 1
146 60 61 296 1 1
147 361 360 184 1 1
148 418 586 147 1 1
149 188 352 187 1 1
150 584 892 411 1 1
151 536 181 182 1 1
152 272 271 39 1 1
153 65 66 303 1 1
154 366 179 367 1 1
155 178 179 366 1 1
156 439 132 133 1 1
157 447 128 129 1 1
158 544 177 369 1 1
159 372 174 175 1 1
160 73 74 312 1 1
161 178 366 369 1 1
162 69 70 308 1 1
163 78 79 316 1 1
164 375 174 372 1 1
165 549 173 375 1 1
166 457 119 120 1 1
167 465 115 116 1 1
168 377 170 378 1 1
169 335 232 889 1 1
170 168 169 380 1 1
171 170 377 169 1 1
172 86 87 325 1 1
173 173 549 172 1 1
174 82 83 321 1 1
175 759 378 551 1 1
176 452 654 124 1 1
177 98 334 333 1 1
178 166 383 382 1 1
179 165 166 382 1 1
180 327 230 326 1 1
181 332 231 681 1 1
182 164 385 562 1 1
183 388 161 162 1 1
184 340 107 108 1 1
185 382 385 165 1 1
186 477 109 110 1 1
187 235 234 208 1 1
188 391 161 388 1 1
189 567 160 391 1 1
190 234 209 236 1 1
191 2 3 341 1 1
192 1280 281 398 1 1
193 206 342 205 1 1
194 572 156 396 1 1
195 157 393 396 1 1
196 209 237 501 1 1
197 157 158 393 1 1
198 1 235 208 1 1
199 277 393 1278 1 1
200 335 339 707 1 1
201 168 380 557 1 1
202 691 693 479 1 1
203 153 154 398 1 1
204 434 622 137 1 1
205 287 286 50 1 1
206 350 509 191 1 1
207 827 279 280 1 1
208 53 54 424 1 1
209 53 414 52 1 1
210 152 153 401 1 1
211 293 294 426 1 1
212 288 51 52 1 1
213 48 397 280 1 1
214 414 288 52 1 1
215 286 287 221 1 1
216 287 288 221 1 1
217 56 57 290 1 1
218 718 712 714 1 1
219 501 236 209 1 1
220 57 58 419 1 1
221 222 293 290 1 1
222 408 203 204 1 1
223 423 142 143 1 1
224 405 406 283 1 1
225 283 410 404 1 1
226 60 430 59 1 1
227 409 284 220 1 1
228 298 430 296 1 1
229 824 286 825 1 1
230 55 426 54 1 1
231 303 304 442 1 1
232 411 282 412 1 1
233 397 824 826 1 1
234 428 297 62 1 1
235 66 67 300 1 1
236 824 576 826 1 1
237 397 48 49 1 1
238 67 68 435 1 1
239 399 398 154 1 1
240 65 442 64 1 1
241 989 303 300 1 1
242 280 47 48 1 1
243 44 392 276 1 1
244 70 71 305 1 1
245 312 311 73 1 1
246 392 808 810 1 1
247 75 309 74 1 1
248 808 571 810 1 1
249 394 393 158 1 1
250 992 308 305 1 1
251 809 808 278 1 1
252 71 72 443 1 1
253 278 279 219 1 1
254 308 307 69 1 1
255 348 508 893 1 1
256 296 297 223 1 1
257 316 317 460 1 1
258 274 275 218 1 1
259 276 43 44 1 1
260 226 312 309 1 1
261 80 313 79 1 1
262 794 793 274 1 1
263 793 795 954 1 1
264 80 81 453 1 1
265 40 387 272 1 1
266 78 460 77 1 1
267 1002 316 313 1 1
268 793 566 795 1 1
269 387 40 41 1 1
270 84 318 83 1 1
271 86 325 324 1 1
272 272 39 40 1 1
273 87 88 322 1 1
274 784 781 947 1 1
275 386 270 269 1 1
276 318 228 321 1 1
277 271 217 947 1 1
278 84 85 461 1 1
279 389 388 162 1 1
280 82 321 320 1 1
281 90 91 329 1 1
282 965 563 966 1 1
283 785 787 774 1 1
284 322 229 325 1 1
285 327 326 92 1 1
286 36 37 386 1 1
287 36 381 35 1 1
288 332 94 330 1 1
289 761 267 381 1 1
290 326 329 91 1 1
291 231 330 331 1 1
292 267 34 35 1 1
293 31 376 263 1 1
294 96 97 331 1 1
295 231 331 333 1 1
296 558 1052 1054 1 1
297 333 334 682 1 1
298 376 265 938 1 1
299 934 936 929 1 1
300 334 99 476 1 1
301 216 783 265 1 1
302 330 94 95 1 1
303 265 266 216 1 1
304 89 466 88 1 1
305 772 765 769 1 1
306 76 448 75 1 1
307 392 44 45 1 1
308 92 326 91 1 1
309 502 501 237 1 1
310 401 153 398 1 1
311 577 152 401 1 1
312 506 345 504 1 1
313 240 7 8 1 1
314 415 149 416 1 1
315 148 149 415 1 1
316 238 239 210 1 1
317 152 577 151 1 1
318 4 344 237 1 1
319 9 10 356 1 1
320 147 148 418 1 1
321 146 147 586 1 1
322 529 240 528 1 1
323 15 249 14 1 1
324 143 144 420 1 1
325 906 1125 1127 1 1
326 594 142 423 1 1
327 420 423 143 1 1
328 351 721 242 1 1
329 144 421 420 1 1
330 353 511 720 1 1
331 415 418 148 1 1
332 9 346 8 1 1
333 246 521 244 1 1
334 431 139 432 1 1
335 138 139 431 1 1
336 528 240 346 1 1
337 246 245 211 1 1
338 137 138 434 1 1
339 136 137 622 1 1
340 521 211 357 1 1
341 431 434 138 1 1
342 242 245 12 1 1
343 364 18 19 1 1
344 133 134 436 1 1
345 439 133 436 1 1
346 17 359 247 1 1
347 735 367 538 1 1
348 130 445 444 1 1
349 13 351 242 1 1
350 447 129 444 1 1
351 130 444 129 1 1
352 721 722 516 1 1
353 439 630 132 1 1
354 247 359 724 1 1
355 134 437 436 1 1
356 246 244 356 1 1
357 142 594 141 1 1
358 360 1262 248 1 1
359 250 212 907 1 1
360 126 450 449 1 1
361 125 126 449 1 1
362 1036 537 1270 1 1
363 748 213 743 1 1
364 124 125 452 1 1
365 123 124 654 1 1
366 364 252 251 1 1
367 449 452 125 1 1
368 1026 1129 1025 1 1
369 457 662 119 1 1
370 261 262 215 1 1
371 263 30 31 1 1
372 339 499 337 1 1
373 252 253 213 1 1
374 121 454 120 1 1
375 233 337 338 1 1
376 457 120 454 1 1
377 337 103 104 1 1
378 23 365 22 1 1
379 27 371 259 1 1
380 455 454 121 1 1
381 128 447 649 1 1
382 254 21 22 1 1
383 537 1035 735 1 1
384 117 463 462 1 1
385 116 117 462 1 1
386 260 372 1273 1 1
387 365 254 22 1 1
388 115 465 673 1 1
389 113 468 467 1 1
390 214 757 753 1 1
391 116 462 465 1 1
392 1194 1230 1193 1 1
393 259 26 27 1 1
394 112 467 470 1 1
395 111 112 470 1 1
396 257 258 214 1 1
397 261 28 29 1 1
398 690 109 477 1 1
399 371 758 259 1 1
400 106 338 105 1 1
401 106 497 338 1 1
402 373 372 175 1 1
403 497 340 233 1 1
404 28 371 27 1 1
405 113 467 112 1 1
406 257 918 370 1 1
407 920 919 261 1 1
408 23 24 370 1 1
409 102 335 101 1 1
410 247 250 16 1 1
411 376 31 32 1 1
412 839 1059 970 1 1
413 603 585 608 1 1
414 344 4 5 1 1
415 82 320 81 1 1
416 453 878 313 1 1
417 999 1178 1179 1 1
418 663 1216 1218 1 1
419 315 317 666 1 1
420 653 315 667 1 1
421 313 316 79 1 1
422 317 316 227 1 1
423 666 227 459 1 1
424 317 315 458 1 1
425 86 324 85 1 1
426 461 881 318 1 1
427 318 881 1007 1 1
428 489 485 486 1 1
429 879 661 878 1 1
430 80 453 313 1 1
431 318 321 83 1 1
432 321 228 1000 1 1
433 471 90 329 1 1
434 466 677 322 1 1
435 466 472 677 1 1
436 484 1260 480 1 1
437 1005 1006 887 1 1
438 84 461 318 1 1
439 322 325 87 1 1
440 325 229 1006 1 1
441 327 92 93 1 1
442 329 326 678 1 1
443 332 93 94 1 1
444 327 332 680 1 1
445 472 473 474 1 1
446 88 466 322 1 1
447 678 326 230 1 1
448 329 328 471 1 1
449 331 330 95 1 1
450 332 330 231 1 1
451 96 331 95 1 1
452 331 97 333 1 1
453 475 680 681 1 1
454 332 327 93 1 1
455 97 98 333 1 1
456 334 98 99 1 1
457 476 99 100 1 1
458 230 327 680 1 1
459 102 103 499 1 1
460 689 335 889 1 1
461 478 111 469 1 1
462 678 679 474 1 1
463 338 337 104 1 1
464 339 337 233 1 1
465 105 338 104 1 1
466 106 107 497 1 1
467 339 233 706 1 1
468 335 102 499 1 1
469 690 477 479 1 1
470 706 707 339 1 1
471 237 341 3 1 1
472 209 235 341 1 1
473 500 342 236 1 1
474 342 708 413 1 1
475 234 343 207 1 1
476 342 343 236 1 1
477 5 238 344 1 1
478 504 505 503 1 1
479 345 501 502 1 1
480 500 710 708 1 1
481 356 346 9 1 1
482 244 523 528 1 1
483 348 193 194 1 1
484 1261 350 241 1 1
485 195 508 194 1 1
486 402 195 196 1 1
487 528 523 507 1 1
488 905 352 353 1 1
489 241 350 347 1 1
490 350 349 509 1 1
491 14 249 351 1 1
492 722 721 351 1 1
493 353 188 189 1 1
494 1271 355 243 1 1
495 511 189 190 1 1
496 511 353 189 1 1
497 519 520 1028 1 1
498 1262 360 361 1 1
499 243 355 352 1 1
500 355 354 517 1 1
501 356 10 358 1 1
502 346 356 244 1 1
503 1019 904 1123 1 1
504 510 512 514 1 1
505 245 358 11 1 1
506 356 358 246 1 1
507 364 359 18 1 1
508 725 535 724 1 1
509 361 184 185 1 1
510 1272 363 248 1 1
511 186 517 185 1 1
512 517 519 361 1 1
513 537 539 541 1 1
514 915 366 367 1 1
515 248 363 360 1 1
516 363 362 536 1 1
517 252 364 19 1 1
518 364 251 725 1 1
519 370 365 23 1 1
520 737 543 736 1 1
521 367 179 180 1 1
522 1274 369 255 1 1
523 538 180 181 1 1
524 538 367 180 1 1
525 547 1226 546 1 1
526 373 1273 372 1 1
527 255 369 366 1 1
528 369 368 544 1 1
529 257 370 24 1 1
530 370 256 737 1 1
531 28 261 371 1 1
532 919 758 371 1 1
533 373 175 176 1 1
534 1275 375 260 1 1
535 177 544 176 1 1
536 544 546 373 1 1
537 554 550 552 1 1
538 928 377 378 1 1
539 260 375 372 1 1
540 375 374 549 1 1
541 32 265 376 1 1
542 938 760 376 1 1
543 378 170 171 1 1
544 1276 380 264 1 1
545 551 171 172 1 1
546 551 378 171 1 1
547 558 559 560 1 1
548 383 1054 382 1 1
549 264 380 377 1 1
550 380 379 557 1 1
551 386 381 36 1 1
552 762 561 761 1 1
553 383 166 167 1 1
554 1277 385 268 1 1
555 168 557 167 1 1
556 557 559 383 1 1
557 563 564 565 1 1
558 389 273 388 1 1
559 268 385 382 1 1
560 385 384 562 1 1
561 270 386 37 1 1
562 386 269 762 1 1
563 41 274 387 1 1
564 387 274 793 1 1
565 389 162 163 1 1
566 273 390 391 1 1
567 164 562 163 1 1
568 564 1058 562 1 1
569 568 569 570 1 1
570 394 1278 393 1 1
571 273 391 388 1 1
572 391 390 567 1 1
573 45 278 392 1 1
574 392 278 808 1 1
575 394 158 159 1 1
576 1282 396 277 1 1
577 160 567 159 1 1
578 567 569 394 1 1
579 573 574 575 1 1
580 399 1280 398 1 1
581 277 396 393 1 1
582 396 395 572 1 1
583 49 286 397 1 1
584 397 286 824 1 1
585 399 154 155 1 1
586 1284 401 281 1 1
587 156 572 155 1 1
588 572 574 399 1 1
589 582 578 580 1 1
590 416 289 415 1 1
591 281 401 398 1 1
592 401 400 577 1 1
593 282 411 1009 1 1
594 194 508 348 1 1
595 197 198 404 1 1
596 402 403 282 1 1
597 405 404 198 1 1
598 409 410 283 1 1
599 406 405 199 1 1
600 404 405 283 1 1
601 200 406 199 1 1
602 201 202 407 1 1
603 284 407 202 1 1
604 283 406 407 1 1
605 413 408 204 1 1
606 285 584 1286 1 1
607 410 409 220 1 1
608 407 409 283 1 1
609 411 410 220 1 1
610 412 410 411 1 1
611 584 220 1286 1 1
612 709 506 500 1 1
613 403 412 282 1 1
614 404 410 412 1 1
615 342 413 205 1 1
616 408 413 285 1 1
617 424 414 53 1 1
618 292 603 608 1 1
619 416 149 150 1 1
620 1287 418 289 1 1
621 579 150 151 1 1
622 579 416 150 1 1
623 585 603 610 1 1
624 973 420 421 1 1
625 289 418 415 1 1
626 418 417 586 1 1
627 427 419 58 1 1
628 848 593 847 1 1
629 421 144 145 1 1
630 1233 423 291 1 1
631 588 145 146 1 1
632 588 421 145 1 1
633 854 1139 975 1 1
634 981 431 432 1 1
635 291 423 420 1 1
636 423 422 594 1 1
637 424 54 426 1 1
638 414 424 292 1 1
639 1061 974 846 1 1
640 587 589 591 1 1
641 293 426 55 1 1
642 424 426 294 1 1
643 427 59 430 1 1
644 427 295 848 1 1
645 440 428 63 1 1
646 302 636 641 1 1
647 1072 1146 1141 1 1
648 595 597 599 1 1
649 296 430 60 1 1
650 427 430 298 1 1
651 432 139 140 1 1
652 1288 434 299 1 1
653 596 140 141 1 1
654 596 432 140 1 1
655 645 646 620 1 1
656 985 436 437 1 1
657 299 434 431 1 1
658 434 433 622 1 1
659 68 307 435 1 1
660 858 857 435 1 1
661 437 134 135 1 1
662 1289 439 301 1 1
663 624 135 136 1 1
664 624 437 135 1 1
665 632 633 1159 1 1
666 1208 444 445 1 1
667 301 439 436 1 1
668 439 438 630 1 1
669 440 64 442 1 1
670 428 440 302 1 1
671 1076 984 1151 1 1
672 623 625 627 1 1
673 303 442 65 1 1
674 440 442 304 1 1
675 72 311 443 1 1
676 861 860 443 1 1
677 445 130 131 1 1
678 306 446 447 1 1
679 132 630 131 1 1
680 630 632 445 1 1
681 650 651 652 1 1
682 1215 449 450 1 1
683 306 447 444 1 1
684 447 446 649 1 1
685 458 448 76 1 1
686 864 653 863 1 1
687 450 126 127 1 1
688 1213 452 310 1 1
689 128 649 127 1 1
690 649 651 450 1 1
691 667 671 1099 1 1
692 998 454 455 1 1
693 310 452 449 1 1
694 452 451 654 1 1
695 81 320 453 1 1
696 879 878 453 1 1
697 455 121 122 1 1
698 1290 457 314 1 1
699 656 122 123 1 1
700 656 455 122 1 1
701 663 664 665 1 1
702 1218 462 463 1 1
703 314 457 454 1 1
704 457 456 662 1 1
705 458 77 460 1 1
706 458 315 864 1 1
707 1105 997 1177 1 1
708 655 657 659 1 1
709 316 460 78 1 1
710 458 460 317 1 1
711 85 324 461 1 1
712 1005 881 461 1 1
713 463 117 118 1 1
714 319 464 465 1 1
715 119 662 118 1 1
716 662 664 463 1 1
717 884 886 1254 1 1
718 468 323 467 1 1
719 319 465 462 1 1
720 465 464 673 1 1
721 90 471 89 1 1
722 473 466 471 1 1
723 468 113 114 1 1
724 470 467 483 1 1
725 115 673 114 1 1
726 673 675 468 1 1
727 481 482 483 1 1
728 336 477 478 1 1
729 483 467 323 1 1
730 111 470 469 1 1
731 473 471 328 1 1
732 466 89 471 1 1
733 474 328 678 1 1
734 493 485 489 1 1
735 474 473 328 1 1
736 466 473 472 1 1
737 230 888 679 1 1
738 336 478 480 1 1
739 683 684 682 1 1
740 486 490 484 1 1
741 689 688 476 1 1
742 684 681 682 1 1
743 478 477 110 1 1
744 479 477 336 1 1
745 111 478 110 1 1
746 478 469 480 1 1
747 1260 691 336 1 1
748 690 479 340 1 1
749 482 480 469 1 1
750 482 484 480 1 1
751 674 1253 468 1 1
752 492 691 1260 1 1
753 483 482 469 1 1
754 484 482 481 1 1
755 470 483 469 1 1
756 483 323 1252 1 1
757 484 481 486 1 1
758 492 1260 490 1 1
759 1253 1252 323 1 1
760 493 491 495 1 1
761 1252 487 1259 1 1
762 1291 490 486 1 1
763 1247 675 676 1 1
764 472 474 703 1 1
765 1292 700 1291 1 1
766 888 686 890 1 1
767 1259 486 481 1 1
768 1314 493 489 1 1
769 1291 486 485 1 1
770 490 488 492 1 1
771 1245 1246 1247 1 1
772 882 703 496 1 1
773 492 694 692 1 1
774 498 693 692 1 1
775 1314 489 487 1 1
776 494 495 496 1 1
777 679 702 704 1 1
778 495 1292 493 1 1
779 495 491 496 1 1
780 495 494 1292 1 1
781 496 884 883 1 1
782 1008 322 677 1 1
783 340 497 107 1 1
784 233 338 497 1 1
785 693 233 340 1 1
786 691 479 336 1 1
787 337 499 103 1 1
788 335 499 339 1 1
789 236 709 500 1 1
790 345 502 504 1 1
791 502 237 344 1 1
792 501 345 709 1 1
793 238 505 344 1 1
794 716 505 238 1 1
795 507 530 532 1 1
796 584 411 220 1 1
797 505 504 502 1 1
798 504 503 506 1 1
799 344 505 502 1 1
800 238 210 716 1 1
801 711 712 713 1 1
802 500 506 710 1 1
803 244 521 522 1 1
804 530 527 532 1 1
805 195 402 508 1 1
806 891 1010 1009 1 1
807 512 509 349 1 1
808 190 509 511 1 1
809 514 349 1261 1 1
810 911 721 723 1 1
811 903 509 512 1 1
812 511 903 720 1 1
813 349 350 1261 1 1
814 510 720 903 1 1
815 533 716 534 1 1
816 514 515 1018 1 1
817 349 514 512 1 1
818 515 514 513 1 1
819 530 507 523 1 1
820 911 723 211 1 1
821 724 726 247 1 1
822 524 525 526 1 1
823 519 517 354 1 1
824 361 185 517 1 1
825 520 354 1271 1 1
826 247 726 212 1 1
827 520 519 354 1 1
828 519 518 1262 1 1
829 906 720 1017 1 1
830 726 728 212 1 1
831 211 521 246 1 1
832 522 521 357 1 1
833 723 913 211 1 1
834 522 527 530 1 1
835 244 522 523 1 1
836 525 527 522 1 1
837 1122 1120 1121 1 1
838 522 357 525 1 1
839 526 525 357 1 1
840 525 524 527 1 1
841 1031 912 516 1 1
842 1019 515 1119 1 1
843 1122 1016 1120 1 1
844 895 719 898 1 1
845 528 507 529 1 1
846 244 528 346 1 1
847 534 507 532 1 1
848 210 240 529 1 1
849 522 530 523 1 1
850 1015 532 527 1 1
851 1015 1016 902 1 1
852 893 895 348 1 1
853 533 532 531 1 1
854 507 534 529 1 1
855 718 285 710 1 1
856 715 716 533 1 1
857 533 534 532 1 1
858 210 529 534 1 1
859 748 743 752 1 1
860 722 910 516 1 1
861 539 536 362 1 1
862 181 536 538 1 1
863 362 1272 541 1 1
864 1131 751 1130 1 1
865 914 536 539 1 1
866 538 914 735 1 1
867 362 363 1272 1 1
868 537 735 914 1 1
869 1024 1026 1025 1 1
870 731 727 729 1 1
871 362 541 539 1 1
872 1270 540 1269 1 1
873 731 733 727 1 1
874 736 739 254 1 1
875 746 745 738 1 1
876 743 739 741 1 1
877 546 544 368 1 1
878 373 176 544 1 1
879 368 1274 547 1 1
880 1187 917 1185 1 1
881 547 546 368 1 1
882 546 545 1273 1 1
883 916 735 1035 1 1
884 738 543 737 1 1
885 759 930 929 1 1
886 924 1039 1190 1 1
887 552 549 374 1 1
888 172 549 551 1 1
889 554 374 1275 1 1
890 555 932 554 1 1
891 926 549 552 1 1
892 551 926 759 1 1
893 374 375 1275 1 1
894 550 759 926 1 1
895 1189 1225 1224 1 1
896 1191 1136 1137 1 1
897 374 554 552 1 1
898 554 553 1231 1 1
899 548 919 922 1 1
900 760 263 376 1 1
901 761 764 267 1 1
902 923 1135 922 1 1
903 559 557 379 1 1
904 383 167 557 1 1
905 560 379 1276 1 1
906 766 780 783 1 1
907 560 559 379 1 1
908 559 558 1054 1 1
909 759 929 928 1 1
910 216 764 766 1 1
911 781 773 269 1 1
912 772 942 777 1 1
913 564 562 384 1 1
914 389 163 562 1 1
915 384 1277 565 1 1
916 782 786 790 1 1
917 565 564 384 1 1
918 563 965 1058 1 1
919 1052 1053 1051 1 1
920 763 561 762 1 1
921 799 794 797 1 1
922 949 950 565 1 1
923 569 567 390 1 1
924 394 159 567 1 1
925 390 273 962 1 1
926 1300 797 798 1 1
927 570 569 390 1 1
928 569 568 1278 1 1
929 787 952 950 1 1
930 801 957 789 1 1
931 815 809 813 1 1
932 1279 1278 568 1 1
933 574 572 395 1 1
934 399 155 572 1 1
935 575 395 1282 1 1
936 1309 813 814 1 1
937 575 574 395 1 1
938 574 573 1280 1 1
939 804 806 800 1 1
940 1298 1294 1297 1 1
941 838 832 836 1 1
942 820 822 1304 1 1
943 580 577 400 1 1
944 151 577 579 1 1
945 582 400 1284 1 1
946 844 582 842 1 1
947 969 577 580 1 1
948 579 969 845 1 1
949 400 401 1284 1 1
950 578 845 969 1 1
951 573 1281 1280 1 1
952 835 841 842 1 1
953 400 582 580 1 1
954 582 581 842 1 1
955 828 614 613 1 1
956 288 608 609 1 1
957 710 285 708 1 1
958 506 712 710 1 1
959 292 601 602 1 1
960 585 610 612 1 1
961 589 586 417 1 1
962 146 586 588 1 1
963 591 417 1287 1 1
964 849 290 847 1 1
965 972 586 589 1 1
966 588 972 846 1 1
967 417 418 1287 1 1
968 587 846 972 1 1
969 844 838 839 1 1
970 1064 1062 591 1 1
971 417 591 589 1 1
972 591 590 1064 1 1
973 590 1287 968 1 1
974 290 849 222 1 1
975 295 616 617 1 1
976 852 853 605 1 1
977 597 594 422 1 1
978 141 594 596 1 1
979 599 422 1233 1 1
980 641 642 297 1 1
981 979 594 597 1 1
982 596 979 855 1 1
983 291 1232 1233 1 1
984 595 855 979 1 1
985 974 291 973 1 1
986 599 600 1071 1 1
987 422 599 597 1 1
988 600 599 598 1 1
989 1232 974 1200 1 1
990 223 642 645 1 1
991 222 601 294 1 1
992 602 601 425 1 1
993 851 425 222 1 1
994 605 602 425 1 1
995 292 602 603 1 1
996 602 605 607 1 1
997 1065 976 1064 1 1
998 602 607 610 1 1
999 605 425 852 1 1
1000 605 604 607 1 1
1001 621 617 619 1 1
1002 854 975 853 1 1
1003 975 604 853 1 1
1004 612 610 1068 1 1
1005 608 585 609 1 1
1006 292 608 414 1 1
1007 614 585 612 1 1
1008 221 288 609 1 1
1009 602 610 603 1 1
1010 836 837 1060 1 1
1011 829 613 831 1 1
1012 1068 610 607 1 1
1013 613 612 611 1 1
1014 585 614 609 1 1
1015 831 832 830 1 1
1016 829 824 825 1 1
1017 613 614 612 1 1
1018 221 609 614 1 1
1019 302 634 635 1 1
1020 619 620 1144 1 1
1021 223 616 298 1 1
1022 617 616 429 1 1
1023 647 429 616 1 1
1024 1312 617 621 1 1
1025 1200 598 1232 1 1
1026 617 429 619 1 1
1027 620 619 429 1 1
1028 619 618 1320 1 1
1029 643 615 636 1 1
1030 1142 1144 1145 1 1
1031 1143 618 1142 1 1
1032 850 606 851 1 1
1033 625 622 433 1 1
1034 136 622 624 1 1
1035 627 433 1288 1 1
1036 857 859 989 1 1
1037 983 622 625 1 1
1038 624 983 856 1 1
1039 433 434 1288 1 1
1040 623 856 983 1 1
1041 855 1070 982 1 1
1042 627 628 1075 1 1
1043 433 627 625 1 1
1044 627 626 1154 1 1
1045 855 982 981 1 1
1046 989 859 224 1 1
1047 1088 1089 1087 1 1
1048 638 639 1155 1 1
1049 632 630 438 1 1
1050 445 131 630 1 1
1051 633 438 1289 1 1
1052 1078 858 988 1 1
1053 633 632 438 1 1
1054 632 631 1208 1 1
1055 986 856 1074 1 1
1056 858 987 988 1 1
1057 224 634 304 1 1
1058 635 634 441 1 1
1059 859 991 224 1 1
1060 635 640 643 1 1
1061 302 635 636 1 1
1062 638 640 635 1 1
1063 626 1288 1149 1 1
1064 635 441 638 1 1
1065 639 638 441 1 1
1066 637 1322 638 1 1
1067 1080 990 629 1 1
1068 1152 1155 1156 1 1
1069 1153 1154 1201 1 1
1070 644 646 643 1 1
1071 641 615 642 1 1
1072 302 641 428 1 1
1073 645 642 615 1 1
1074 223 297 642 1 1
1075 635 643 636 1 1
1076 643 640 644 1 1
1077 1150 1148 1321 1 1
1078 1072 1145 1146 1 1
1079 646 645 615 1 1
1080 647 620 429 1 1
1081 643 646 615 1 1
1082 620 646 644 1 1
1083 223 645 647 1 1
1084 620 647 645 1 1
1085 309 863 865 1 1
1086 873 1102 871 1 1
1087 651 649 446 1 1
1088 450 127 649 1 1
1089 446 306 1207 1 1
1090 865 226 309 1 1
1091 652 651 446 1 1
1092 651 650 1215 1 1
1093 1089 1079 1087 1 1
1094 865 867 226 1 1
1095 315 666 667 1 1
1096 869 867 870 1 1
1097 657 654 451 1 1
1098 123 654 656 1 1
1099 659 451 1213 1 1
1100 878 880 1002 1 1
1101 996 654 657 1 1
1102 656 996 877 1 1
1103 310 1212 1213 1 1
1104 655 877 996 1 1
1105 1212 1214 1237 1 1
1106 659 660 1104 1 1
1107 451 659 657 1 1
1108 660 659 658 1 1
1109 1209 868 993 1 1
1110 1002 880 227 1 1
1111 1114 1115 1108 1 1
1112 1169 669 459 1 1
1113 664 662 456 1 1
1114 463 118 662 1 1
1115 665 456 1290 1 1
1116 1110 1112 1108 1 1
1117 665 664 456 1 1
1118 664 663 1218 1 1
1119 999 877 1103 1 1
1120 879 1001 1107 1 1
1121 227 666 317 1 1
1122 667 666 459 1 1
1123 880 1004 227 1 1
1124 669 671 667 1 1
1125 1161 994 1098 1 1
1126 667 459 669 1 1
1127 669 1169 1168 1 1
1128 669 668 1162 1 1
1129 1109 1003 661 1 1
1130 1165 1168 1170 1 1
1131 1100 1162 1164 1 1
1132 1236 652 1205 1 1
1133 885 1008 883 1 1
1134 1216 1181 1217 1 1
1135 675 673 464 1 1
1136 468 114 673 1 1
1137 464 319 1238 1 1
1138 1250 1252 1253 1 1
1139 676 675 464 1 1
1140 468 675 674 1 1
1141 1180 1219 663 1 1
1142 676 1238 1245 1 1
1143 472 882 677 1 1
1144 496 883 882 1 1
1145 329 678 328 1 1
1146 679 678 230 1 1
1147 684 475 681 1 1
1148 701 699 488 1 1
1149 681 680 332 1 1
1150 230 680 475 1 1
1151 231 682 681 1 1
1152 334 683 682 1 1
1153 333 682 231 1 1
1154 683 334 476 1 1
1155 685 687 688 1 1
1156 683 687 684 1 1
1157 683 688 687 1 1
1158 475 684 686 1 1
1159 696 695 692 1 1
1160 890 698 701 1 1
1161 687 686 684 1 1
1162 685 697 698 1 1
1163 688 683 476 1 1
1164 686 687 685 1 1
1165 100 689 476 1 1
1166 688 889 1315 1 1
1167 100 101 689 1 1
1168 335 689 101 1 1
1169 340 108 690 1 1
1170 109 690 108 1 1
1171 692 691 492 1 1
1172 691 692 693 1 1
1173 492 488 694 1 1
1174 707 695 232 1 1
1175 693 498 706 1 1
1176 340 479 693 1 1
1177 1315 697 685 1 1
1178 1315 695 696 1 1
1179 498 692 695 1 1
1180 696 692 694 1 1
1181 697 696 694 1 1
1182 697 1315 696 1 1
1183 488 699 694 1 1
1184 685 698 686 1 1
1185 697 699 698 1 1
1186 699 701 698 1 1
1187 694 699 697 1 1
1188 701 488 700 1 1
1189 488 490 1291 1 1
1190 702 679 890 1 1
1191 702 701 700 1 1
1192 890 679 888 1 1
1193 700 494 702 1 1
1194 494 703 704 1 1
1195 704 703 474 1 1
1196 496 703 494 1 1
1197 679 704 474 1 1
1198 494 704 702 1 1
1199 886 884 491 1 1
1200 885 887 229 1 1
1201 693 706 233 1 1
1202 707 706 498 1 1
1203 695 707 498 1 1
1204 707 232 335 1 1
1205 413 708 285 1 1
1206 342 500 708 1 1
1207 501 709 236 1 1
1208 506 709 345 1 1
1209 712 506 713 1 1
1210 712 718 710 1 1
1211 713 715 717 1 1
1212 897 241 895 1 1
1213 713 506 503 1 1
1214 712 711 714 1 1
1215 503 715 713 1 1
1216 533 531 1014 1 1
1217 1014 1117 717 1 1
1218 584 714 892 1 1
1219 716 715 503 1 1
1220 717 715 533 1 1
1221 505 716 503 1 1
1222 716 210 534 1 1
1223 896 898 900 1 1
1224 711 713 717 1 1
1225 714 584 718 1 1
1226 584 285 718 1 1
1227 508 894 893 1 1
1228 900 898 719 1 1
1229 510 1018 1017 1 1
1230 352 905 243 1 1
1231 722 351 249 1 1
1232 721 516 723 1 1
1233 249 907 722 1 1
1234 729 728 726 1 1
1235 912 723 516 1 1
1236 211 913 357 1 1
1237 725 724 359 1 1
1238 724 535 726 1 1
1239 364 725 359 1 1
1240 725 251 756 1 1
1241 756 1293 725 1 1
1242 910 722 908 1 1
1243 733 732 1023 1 1
1244 726 535 729 1 1
1245 909 728 1021 1 1
1246 212 908 907 1 1
1247 1293 731 729 1 1
1248 728 729 727 1 1
1249 213 739 743 1 1
1250 755 1268 1266 1 1
1251 1293 729 535 1 1
1252 730 1267 733 1 1
1253 755 1267 754 1 1
1254 248 1263 1264 1 1
1255 730 733 731 1 1
1256 733 1023 1022 1 1
1257 1023 1025 734 1 1
1258 906 1127 243 1 1
1259 1036 1037 1035 1 1
1260 366 915 255 1 1
1261 737 736 365 1 1
1262 739 736 543 1 1
1263 370 737 365 1 1
1264 737 256 738 1 1
1265 753 257 214 1 1
1266 741 745 1184 1 1
1267 741 739 543 1 1
1268 254 739 213 1 1
1269 543 738 745 1 1
1270 752 756 748 1 1
1271 741 543 745 1 1
1272 741 740 743 1 1
1273 738 256 749 1 1
1274 547 1230 1194 1 1
1275 743 740 750 1 1
1276 213 748 252 1 1
1277 753 757 744 1 1
1278 1195 746 1038 1 1
1279 738 749 746 1 1
1280 745 742 1184 1 1
1281 746 744 1038 1 1
1282 742 745 746 1 1
1283 747 750 751 1 1
1284 1266 1267 755 1 1
1285 743 750 752 1 1
1286 251 252 748 1 1
1287 256 370 918 1 1
1288 746 749 744 1 1
1289 750 740 1183 1 1
1290 750 747 752 1 1
1291 1183 1184 1132 1 1
1292 255 915 916 1 1
1293 747 754 752 1 1
1294 754 756 752 1 1
1295 744 749 753 1 1
1296 749 256 918 1 1
1297 754 747 755 1 1
1298 756 754 730 1 1
1299 1131 747 751 1 1
1300 540 1264 1269 1 1
1301 730 731 1293 1 1
1302 756 251 748 1 1
1303 758 1040 925 1 1
1304 548 1135 924 1 1
1305 924 758 548 1 1
1306 258 925 214 1 1
1307 932 927 930 1 1
1308 377 928 264 1 1
1309 1138 1046 940 1 1
1310 262 939 215 1 1
1311 762 761 381 1 1
1312 764 761 561 1 1
1313 386 762 381 1 1
1314 762 269 763 1 1
1315 781 767 773 1 1
1316 769 770 772 1 1
1317 769 766 764 1 1
1318 267 764 216 1 1
1319 770 763 771 1 1
1320 783 216 766 1 1
1321 769 764 561 1 1
1322 766 765 780 1 1
1323 781 784 767 1 1
1324 771 776 768 1 1
1325 768 770 771 1 1
1326 779 775 942 1 1
1327 770 769 561 1 1
1328 765 766 769 1 1
1329 763 770 561 1 1
1330 770 768 772 1 1
1331 763 773 771 1 1
1332 778 773 767 1 1
1333 942 772 768 1 1
1334 777 765 772 1 1
1335 269 773 763 1 1
1336 778 776 771 1 1
1337 778 785 774 1 1
1338 775 953 943 1 1
1339 779 942 776 1 1
1340 1053 560 941 1 1
1341 778 771 773 1 1
1342 776 774 779 1 1
1343 775 1050 777 1 1
1344 765 944 780 1 1
1345 786 785 778 1 1
1346 774 776 778 1 1
1347 948 774 787 1 1
1348 951 268 943 1 1
1349 777 944 765 1 1
1350 929 936 264 1 1
1351 269 270 781 1 1
1352 947 781 270 1 1
1353 785 786 782 1 1
1354 965 966 963 1 1
1355 780 556 783 1 1
1356 783 556 938 1 1
1357 217 788 784 1 1
1358 791 789 790 1 1
1359 786 778 767 1 1
1360 785 782 1057 1 1
1361 767 784 786 1 1
1362 784 788 791 1 1
1363 952 1057 792 1 1
1364 948 779 774 1 1
1365 272 954 955 1 1
1366 801 956 566 1 1
1367 566 794 799 1 1
1368 782 790 792 1 1
1369 791 790 786 1 1
1370 792 790 789 1 1
1371 784 791 786 1 1
1372 791 788 956 1 1
1373 801 789 956 1 1
1374 963 961 962 1 1
1375 794 274 218 1 1
1376 795 566 788 1 1
1377 797 794 218 1 1
1378 566 793 794 1 1
1379 955 788 217 1 1
1380 387 954 272 1 1
1381 817 571 815 1 1
1382 1318 1317 570 1 1
1383 798 797 218 1 1
1384 797 796 799 1 1
1385 811 276 392 1 1
1386 1300 1301 1299 1 1
1387 799 796 802 1 1
1388 566 799 801 1 1
1389 802 804 800 1 1
1390 957 958 960 1 1
1391 802 801 799 1 1
1392 789 957 792 1 1
1393 796 1299 804 1 1
1394 802 800 958 1 1
1395 1298 1299 1301 1 1
1396 1279 807 1283 1 1
1397 796 804 802 1 1
1398 806 804 803 1 1
1399 806 807 805 1 1
1400 1316 1317 1318 1 1
1401 806 803 1297 1 1
1402 806 805 1316 1 1
1403 571 809 815 1 1
1404 575 1282 1283 1 1
1405 809 278 219 1 1
1406 571 1301 810 1 1
1407 813 809 219 1 1
1408 571 808 809 1 1
1409 811 810 798 1 1
1410 810 811 392 1 1
1411 798 218 811 1 1
1412 275 811 218 1 1
1413 576 829 833 1 1
1414 1296 1305 1302 1 1
1415 814 813 219 1 1
1416 813 812 815 1 1
1417 827 280 397 1 1
1418 833 1307 576 1 1
1419 815 812 818 1 1
1420 818 817 815 1 1
1421 818 820 816 1 1
1422 1302 1294 1303 1 1
1423 1298 1295 1294 1 1
1424 1299 1298 803 1 1
1425 1308 820 818 1 1
1426 818 816 1295 1 1
1427 1306 1308 1309 1 1
1428 823 1285 1281 1 1
1429 1308 818 812 1 1
1430 822 820 819 1 1
1431 822 823 821 1 1
1432 573 575 1305 1 1
1433 822 819 1311 1 1
1434 822 821 1304 1 1
1435 835 1311 1310 1 1
1436 1285 581 1284 1 1
1437 825 286 221 1 1
1438 576 1307 826 1 1
1439 221 828 825 1 1
1440 828 829 825 1 1
1441 827 826 814 1 1
1442 826 827 397 1 1
1443 814 219 827 1 1
1444 279 827 219 1 1
1445 614 828 221 1 1
1446 829 828 613 1 1
1447 831 613 832 1 1
1448 829 576 824 1 1
1449 1311 842 823 1 1
1450 831 833 829 1 1
1451 832 613 611 1 1
1452 831 830 833 1 1
1453 836 832 611 1 1
1454 832 838 840 1 1
1455 835 833 830 1 1
1456 820 1308 819 1 1
1457 836 611 1068 1 1
1458 579 845 416 1 1
1459 830 840 841 1 1
1460 822 1311 823 1 1
1461 1068 1067 837 1 1
1462 838 836 834 1 1
1463 1067 604 977 1 1
1464 967 968 1059 1 1
1465 839 838 834 1 1
1466 838 583 840 1 1
1467 839 834 1059 1 1
1468 844 839 578 1 1
1469 841 840 583 1 1
1470 832 840 830 1 1
1471 842 841 583 1 1
1472 830 841 835 1 1
1473 842 583 844 1 1
1474 823 842 581 1 1
1475 1060 967 1059 1 1
1476 971 416 845 1 1
1477 582 844 578 1 1
1478 838 844 583 1 1
1479 970 578 839 1 1
1480 845 970 971 1 1
1481 1063 1061 1062 1 1
1482 420 973 291 1 1
1483 848 847 419 1 1
1484 847 593 849 1 1
1485 427 848 419 1 1
1486 593 848 295 1 1
1487 850 849 593 1 1
1488 851 849 850 1 1
1489 593 1312 850 1 1
1490 1312 1319 850 1 1
1491 852 851 606 1 1
1492 222 849 851 1 1
1493 852 606 853 1 1
1494 425 851 852 1 1
1495 853 606 854 1 1
1496 605 853 604 1 1
1497 850 1319 1069 1 1
1498 1197 1140 1200 1 1
1499 1071 1070 595 1 1
1500 431 981 299 1 1
1501 623 1075 1074 1 1
1502 436 985 301 1 1
1503 858 435 307 1 1
1504 857 629 859 1 1
1505 307 987 858 1 1
1506 225 992 862 1 1
1507 990 859 629 1 1
1508 224 991 441 1 1
1509 861 443 311 1 1
1510 860 648 862 1 1
1511 226 869 311 1 1
1512 865 866 867 1 1
1513 1101 1102 995 1 1
1514 862 1083 225 1 1
1515 864 863 448 1 1
1516 863 653 865 1 1
1517 458 864 448 1 1
1518 653 864 315 1 1
1519 866 1099 1098 1 1
1520 653 866 865 1 1
1521 993 994 1209 1 1
1522 871 869 870 1 1
1523 1098 993 866 1 1
1524 311 869 861 1 1
1525 1313 872 874 1 1
1526 993 870 867 1 1
1527 226 867 869 1 1
1528 993 867 866 1 1
1529 874 873 870 1 1
1530 869 871 861 1 1
1531 873 871 870 1 1
1532 648 861 871 1 1
1533 872 873 874 1 1
1534 1082 1085 1087 1 1
1535 874 870 868 1 1
1536 873 872 1102 1 1
1537 1313 868 1211 1 1
1538 1313 876 872 1 1
1539 994 1163 1209 1 1
1540 1206 1204 1207 1 1
1541 875 1236 1205 1 1
1542 1206 631 1158 1 1
1543 655 1104 1103 1 1
1544 454 998 314 1 1
1545 879 453 320 1 1
1546 878 661 880 1 1
1547 320 1000 879 1 1
1548 879 1000 1001 1 1
1549 1003 880 661 1 1
1550 227 1004 459 1 1
1551 1005 461 324 1 1
1552 672 1327 1324 1 1
1553 703 882 472 1 1
1554 491 884 496 1 1
1555 885 883 705 1 1
1556 677 882 883 1 1
1557 886 491 1314 1 1
1558 705 883 884 1 1
1559 887 885 705 1 1
1560 229 322 1008 1 1
1561 1246 1248 1251 1 1
1562 1238 1217 1245 1 1
1563 1248 1249 1254 1 1
1564 672 881 1005 1 1
1565 230 475 888 1 1
1566 686 888 475 1 1
1567 695 1315 232 1 1
1568 688 689 889 1 1
1569 698 890 686 1 1
1570 702 890 701 1 1
1571 711 1011 714 1 1
1572 894 719 893 1 1
1573 1011 892 714 1 1
1574 1009 892 891 1 1
1575 894 508 402 1 1
1576 895 893 719 1 1
1577 1010 402 282 1 1
1578 719 1013 899 1 1
1579 898 897 895 1 1
1580 348 895 241 1 1
1581 900 719 899 1 1
1582 900 902 896 1 1
1583 1121 897 896 1 1
1584 1261 897 513 1 1
1585 894 1013 719 1 1
1586 896 897 898 1 1
1587 891 1011 1012 1 1
1588 902 901 531 1 1
1589 901 900 899 1 1
1590 900 901 902 1 1
1591 899 891 1012 1 1
1592 1014 901 1117 1 1
1593 531 1015 902 1 1
1594 527 1016 1015 1 1
1595 509 903 511 1 1
1596 510 903 512 1 1
1597 526 1030 912 1 1
1598 720 906 905 1 1
1599 353 720 905 1 1
1600 510 1017 720 1 1
1601 906 904 1125 1 1
1602 243 905 906 1 1
1603 250 907 249 1 1
1604 908 212 728 1 1
1605 728 909 910 1 1
1606 722 907 908 1 1
1607 1021 728 727 1 1
1608 1029 1026 1028 1 1
1609 728 910 908 1 1
1610 910 909 1031 1 1
1611 245 911 211 1 1
1612 721 911 242 1 1
1613 516 910 1031 1 1
1614 1019 1119 1124 1 1
1615 1030 913 723 1 1
1616 526 357 913 1 1
1617 536 914 538 1 1
1618 537 914 539 1 1
1619 367 735 915 1 1
1620 916 915 735 1 1
1621 1193 1228 1192 1 1
1622 742 1192 1132 1 1
1623 744 1133 1038 1 1
1624 1226 547 1227 1 1
1625 257 753 918 1 1
1626 749 918 753 1 1
1627 920 261 215 1 1
1628 548 758 919 1 1
1629 920 215 1046 1 1
1630 919 920 922 1 1
1631 939 940 1046 1 1
1632 1042 1043 1041 1 1
1633 1046 922 920 1 1
1634 923 922 921 1 1
1635 1043 937 1041 1 1
1636 1196 1136 937 1 1
1637 548 922 1135 1 1
1638 1040 924 757 1 1
1639 259 758 925 1 1
1640 1040 758 924 1 1
1641 549 926 551 1 1
1642 550 926 552 1 1
1643 927 932 933 1 1
1644 945 946 944 1 1
1645 378 759 928 1 1
1646 550 930 759 1 1
1647 929 927 934 1 1
1648 264 928 929 1 1
1649 932 930 550 1 1
1650 927 929 930 1 1
1651 934 935 931 1 1
1652 944 777 945 1 1
1653 554 932 550 1 1
1654 932 555 933 1 1
1655 937 933 555 1 1
1656 1041 921 1138 1 1
1657 935 934 927 1 1
1658 934 931 936 1 1
1659 1044 927 933 1 1
1660 1049 780 946 1 1
1661 931 560 936 1 1
1662 1276 936 560 1 1
1663 1231 1222 1196 1 1
1664 1041 937 923 1 1
1665 783 938 265 1 1
1666 556 760 938 1 1
1667 263 760 939 1 1
1668 760 1047 939 1 1
1669 760 556 1047 1 1
1670 1048 1049 1045 1 1
1671 775 1051 1050 1 1
1672 1055 560 931 1 1
1673 942 775 777 1 1
1674 776 942 768 1 1
1675 1052 558 1053 1 1
1676 779 953 775 1 1
1677 777 1050 945 1 1
1678 946 780 944 1 1
1679 941 1055 945 1 1
1680 935 1045 1056 1 1
1681 945 1055 1056 1 1
1682 935 1044 1045 1 1
1683 271 947 270 1 1
1684 784 947 217 1 1
1685 787 949 948 1 1
1686 949 951 948 1 1
1687 950 949 787 1 1
1688 951 949 565 1 1
1689 787 1057 952 1 1
1690 565 950 563 1 1
1691 951 565 1277 1 1
1692 951 943 953 1 1
1693 957 960 792 1 1
1694 950 952 966 1 1
1695 779 948 953 1 1
1696 951 953 948 1 1
1697 793 954 387 1 1
1698 955 954 795 1 1
1699 788 955 795 1 1
1700 955 217 271 1 1
1701 791 956 789 1 1
1702 788 566 956 1 1
1703 801 958 957 1 1
1704 958 800 959 1 1
1705 802 958 801 1 1
1706 800 1316 959 1 1
1707 961 960 959 1 1
1708 958 959 960 1 1
1709 959 1318 961 1 1
1710 792 960 964 1 1
1711 962 961 570 1 1
1712 964 961 963 1 1
1713 390 962 570 1 1
1714 963 962 273 1 1
1715 963 273 965 1 1
1716 963 952 964 1 1
1717 792 964 952 1 1
1718 960 961 964 1 1
1719 273 389 965 1 1
1720 1058 965 389 1 1
1721 950 966 563 1 1
1722 952 963 966 1 1
1723 975 977 604 1 1
1724 967 1065 968 1 1
1725 971 968 289 1 1
1726 968 843 1059 1 1
1727 577 969 579 1 1
1728 578 969 580 1 1
1729 971 970 843 1 1
1730 578 970 845 1 1
1731 968 971 843 1 1
1732 416 971 289 1 1
1733 586 972 588 1 1
1734 587 972 589 1 1
1735 421 846 973 1 1
1736 974 973 846 1 1
1737 1061 846 587 1 1
1738 854 606 1069 1 1
1739 976 975 592 1 1
1740 975 976 977 1 1
1741 1064 976 592 1 1
1742 976 1065 1066 1 1
1743 1066 977 976 1 1
1744 977 1066 1067 1 1
1745 1198 1199 1140 1 1
1746 1197 1061 1063 1 1
1747 594 979 596 1 1
1748 595 979 597 1 1
1749 1073 1147 1148 1 1
1750 1149 982 1147 1 1
1751 432 855 981 1 1
1752 595 1070 855 1 1
1753 982 980 1147 1 1
1754 299 981 982 1 1
1755 622 983 624 1 1
1756 623 983 625 1 1
1757 1097 990 1157 1 1
1758 856 986 985 1 1
1759 437 856 985 1 1
1760 623 1074 856 1 1
1761 1091 1095 984 1 1
1762 301 985 986 1 1
1763 308 987 307 1 1
1764 988 987 225 1 1
1765 1101 862 648 1 1
1766 986 1096 301 1 1
1767 303 989 224 1 1
1768 857 989 300 1 1
1769 1078 629 858 1 1
1770 1157 1093 1094 1 1
1771 1097 991 859 1 1
1772 639 441 991 1 1
1773 308 992 225 1 1
1774 860 992 305 1 1
1775 993 1098 994 1 1
1776 868 870 993 1 1
1777 1100 1161 1162 1 1
1778 1161 1163 994 1 1
1779 1203 1086 876 1 1
1780 995 1082 1083 1 1
1781 654 996 656 1 1
1782 655 996 657 1 1
1783 1116 1003 1172 1 1
1784 877 999 998 1 1
1785 455 877 998 1 1
1786 655 1103 877 1 1
1787 999 997 1178 1 1
1788 314 998 999 1 1
1789 321 1000 320 1 1
1790 1001 1000 228 1 1
1791 228 318 1007 1 1
1792 1179 314 999 1 1
1793 316 1002 227 1 1
1794 878 1002 313 1 1
1795 1107 661 879 1 1
1796 1171 1105 1170 1 1
1797 1116 1004 880 1 1
1798 1169 1004 670 1 1
1799 1006 1005 324 1 1
1800 887 672 1005 1 1
1801 325 1006 324 1 1
1802 887 1006 229 1 1
1803 1325 672 1324 1 1
1804 228 1007 1326 1 1
1805 883 1008 677 1 1
1806 229 1008 885 1 1
1807 892 1009 411 1 1
1808 1010 891 894 1 1
1809 402 1010 894 1 1
1810 282 1009 1010 1 1
1811 1011 711 1012 1 1
1812 892 1011 891 1 1
1813 1117 711 717 1 1
1814 901 899 1012 1 1
1815 894 891 1013 1 1
1816 891 899 1013 1 1
1817 533 1014 717 1 1
1818 531 901 1014 1 1
1819 532 1015 531 1 1
1820 1016 527 524 1 1
1821 524 1118 1016 1 1
1822 515 1120 1118 1 1
1823 510 514 1018 1 1
1824 904 906 1017 1 1
1825 1019 1018 515 1 1
1826 1017 1018 1123 1 1
1827 515 1118 1119 1 1
1828 1124 526 912 1 1
1829 1034 912 1031 1 1
1830 909 1021 1128 1 1
1831 727 1022 1021 1 1
1832 909 1128 1027 1 1
1833 733 1022 727 1 1
1834 1128 1022 734 1 1
1835 732 1024 1025 1 1
1836 734 1022 1023 1 1
1837 1024 1265 1264 1 1
1838 1263 248 1262 1 1
1839 732 1025 1023 1 1
1840 1024 1263 1026 1 1
1841 518 1028 1026 1 1
1842 1029 1028 520 1 1
1843 1129 1026 1029 1 1
1844 1032 1033 1034 1 1
1845 519 1028 518 1 1
1846 1029 520 1020 1 1
1847 1033 1029 1020 1 1
1848 1129 1027 1128 1 1
1849 913 1030 526 1 1
1850 723 912 1030 1 1
1851 1027 1032 909 1 1
1852 1031 909 1032 1 1
1853 1027 1033 1032 1 1
1854 1034 1031 1032 1 1
1855 1029 1033 1027 1 1
1856 1125 1126 1020 1 1
1857 1126 1033 1020 1 1
1858 904 1019 1124 1 1
1859 537 1036 1035 1 1
1860 1130 1036 542 1 1
1861 1270 537 541 1 1
1862 542 1131 1130 1 1
1863 1132 1037 751 1 1
1864 916 1035 1037 1 1
1865 1133 744 757 1 1
1866 1195 1038 1229 1 1
1867 1136 1039 1135 1 1
1868 1185 917 1038 1 1
1869 757 214 1040 1 1
1870 925 1040 214 1 1
1871 923 921 1041 1 1
1872 1046 1138 921 1 1
1873 1047 1048 940 1 1
1874 1044 933 1043 1 1
1875 1044 1043 1042 1 1
1876 933 937 1043 1 1
1877 1045 1044 1042 1 1
1878 1044 935 927 1 1
1879 1138 1048 1042 1 1
1880 1056 1045 946 1 1
1881 1046 921 922 1 1
1882 939 1046 215 1 1
1883 1048 1047 556 1 1
1884 939 1047 940 1 1
1885 1049 1048 556 1 1
1886 1048 1045 1042 1 1
1887 780 1049 556 1 1
1888 1045 1049 946 1 1
1889 1051 775 943 1 1
1890 945 1050 941 1 1
1891 1051 943 1052 1 1
1892 941 1050 1051 1 1
1893 943 268 1052 1 1
1894 1054 383 559 1 1
1895 560 1053 558 1 1
1896 941 1051 1053 1 1
1897 1052 268 1054 1 1
1898 382 1054 268 1 1
1899 560 1055 941 1 1
1900 1056 1055 931 1 1
1901 935 1056 931 1 1
1902 945 1056 946 1 1
1903 785 1057 787 1 1
1904 792 1057 782 1 1
1905 562 1058 389 1 1
1906 563 1058 564 1 1
1907 1059 843 970 1 1
1908 1060 1059 834 1 1
1909 836 1060 834 1 1
1910 1066 1060 837 1 1
1911 587 1062 1061 1 1
1912 1139 1062 592 1 1
1913 591 1062 587 1 1
1914 592 975 1139 1 1
1915 1069 1063 854 1 1
1916 1198 1140 1197 1 1
1917 1064 592 1062 1 1
1918 1065 1064 590 1 1
1919 968 1065 590 1 1
1920 1066 1065 967 1 1
1921 1060 1066 967 1 1
1922 1066 837 1067 1 1
1923 837 836 1068 1 1
1924 604 1067 607 1 1
1925 612 1068 611 1 1
1926 607 1067 1068 1 1
1927 850 1069 606 1 1
1928 1069 978 1198 1 1
1929 595 599 1071 1 1
1930 980 982 1070 1 1
1931 1072 1071 600 1 1
1932 1070 1071 1141 1 1
1933 1142 1072 600 1 1
1934 1142 1145 1072 1 1
1935 1146 1148 980 1 1
1936 1154 1153 628 1 1
1937 623 627 1075 1 1
1938 984 986 1074 1 1
1939 1076 1075 628 1 1
1940 1074 1075 1151 1 1
1941 1152 1076 628 1 1
1942 639 1157 1156 1 1
1943 1090 1093 1092 1 1
1944 1090 1077 1091 1 1
1945 1078 988 1081 1 1
1946 629 1078 1080 1 1
1947 1082 1081 988 1 1
1948 1082 995 1085 1 1
1949 1081 1080 1078 1 1
1950 1090 1079 1089 1 1
1951 988 1083 1082 1 1
1952 1081 1079 1092 1 1
1953 1086 1085 995 1 1
1954 1079 1081 1082 1 1
1955 225 1083 988 1 1
1956 1083 862 1101 1 1
1957 1159 1158 631 1 1
1958 631 632 1159 1 1
1959 1086 995 872 1 1
1960 1087 1085 1084 1 1
1961 876 1086 872 1 1
1962 1084 1085 1086 1 1
1963 1084 1202 1087 1 1
1964 1082 1087 1079 1 1
1965 1087 1202 1088 1 1
1966 633 1096 1160 1 1
1967 1088 1159 1160 1 1
1968 1090 1089 1077 1 1
1969 1077 1095 1091 1 1
1970 1090 1091 1093 1 1
1971 1091 1094 1093 1 1
1972 1092 1093 1080 1 1
1973 1081 1092 1080 1 1
1974 1079 1090 1092 1 1
1975 1091 984 1094 1 1
1976 990 1080 1093 1 1
1977 984 1076 1094 1 1
1978 1152 1156 1076 1 1
1979 1095 1077 1096 1 1
1980 984 1095 986 1 1
1981 1160 1096 1077 1 1
1982 1289 1096 633 1 1
1983 991 1097 639 1 1
1984 859 990 1097 1 1
1985 1099 866 653 1 1
1986 1161 1098 671 1 1
1987 667 1099 653 1 1
1988 671 1098 1099 1 1
1989 1166 1100 1164 1 1
1990 1167 1163 1100 1 1
1991 1102 1101 648 1 1
1992 1083 1101 995 1 1
1993 1102 648 871 1 1
1994 872 995 1102 1 1
1995 655 659 1104 1 1
1996 997 999 1103 1 1
1997 1105 1104 660 1 1
1998 1103 1104 1177 1 1
1999 660 1164 1165 1 1
2000 1171 997 1105 1 1
2001 1178 1174 1106 1 1
2002 1171 1174 997 1 1
2003 1107 1001 1110 1 1
2004 661 1107 1109 1 1
2005 1326 1007 1325 1 1
2006 1182 1115 1180 1 1
2007 1110 1109 1107 1 1
2008 1175 1174 1176 1 1
2009 1001 1326 1112 1 1
2010 1110 1108 1176 1 1
2011 1241 1220 1242 1 1
2012 1108 1112 1114 1 1
2013 1001 1112 1110 1 1
2014 1111 1244 1114 1 1
2015 1181 1240 1217 1 1
2016 1180 665 1182 1 1
2017 1111 1114 1112 1 1
2018 1115 1114 1113 1 1
2019 1115 1113 1180 1 1
2020 1115 1106 1175 1 1
2021 1004 1116 670 1 1
2022 880 1003 1116 1 1
2023 901 1012 1117 1 1
2024 711 1117 1012 1 1
2025 1118 524 1119 1 1
2026 1120 515 513 1 1
2027 524 526 1119 1 1
2028 1124 1119 526 1 1
2029 513 897 1121 1 1
2030 1016 1118 1120 1 1
2031 1122 1121 896 1 1
2032 513 1121 1120 1 1
2033 896 902 1122 1 1
2034 1016 1122 902 1 1
2035 1017 1123 904 1 1
2036 1018 1019 1123 1 1
2037 912 1034 1124 1 1
2038 1124 1034 1126 1 1
2039 1126 1125 904 1 1
2040 1125 1020 1127 1 1
2041 1124 1126 904 1 1
2042 1126 1034 1033 1 1
2043 1020 520 1127 1 1
2044 1271 1127 520 1 1
2045 1022 1128 1021 1 1
2046 1129 1128 734 1 1
2047 1129 734 1025 1 1
2048 1029 1027 1129 1 1
2049 751 1037 1130 1 1
2050 1036 1130 1037 1 1
2051 1268 1131 542 1 1
2052 747 1131 755 1 1
2053 1183 1132 751 1 1
2054 742 746 1195 1 1
2055 757 1190 1133 1 1
2056 1191 1186 1190 1 1
2057 1189 1227 917 1 1
2058 1037 1132 1228 1 1
2059 1136 1135 923 1 1
2060 924 1135 1039 1 1
2061 923 937 1136 1 1
2062 1196 937 555 1 1
2063 1223 1188 1222 1 1
2064 1186 1185 1133 1 1
2065 1048 1138 940 1 1
2066 1041 1138 1042 1 1
2067 854 1063 1139 1 1
2068 1062 1139 1063 1 1
2069 621 619 1320 1 1
2070 1200 1234 1235 1 1
2071 1070 1141 980 1 1
2072 1071 1072 1141 1 1
2073 1143 1142 600 1 1
2074 1144 1142 618 1 1
2075 1200 1235 598 1 1
2076 1199 1143 1234 1 1
2077 619 1144 618 1 1
2078 1144 620 1145 1 1
2079 620 644 1145 1 1
2080 1146 980 1141 1 1
2081 1145 644 1146 1 1
2082 644 640 1321 1 1
2083 1148 1147 980 1 1
2084 1149 1147 1073 1 1
2085 1321 1146 644 1 1
2086 640 638 1322 1 1
2087 626 1149 1073 1 1
2088 299 982 1149 1 1
2089 637 1152 1153 1 1
2090 1148 1150 1201 1 1
2091 1074 1151 984 1 1
2092 1075 1076 1151 1 1
2093 1153 1152 628 1 1
2094 1155 1152 637 1 1
2095 627 1154 628 1 1
2096 1153 1150 1322 1 1
2097 626 1073 1154 1 1
2098 1201 1154 1073 1 1
2099 638 1155 637 1 1
2100 1155 639 1156 1 1
2101 639 1097 1157 1 1
2102 1094 1076 1156 1 1
2103 1093 1157 990 1 1
2104 1094 1156 1157 1 1
2105 1203 1158 1202 1 1
2106 1158 1203 1204 1 1
2107 1160 1159 633 1 1
2108 1159 1088 1202 1 1
2109 1077 1089 1160 1 1
2110 1088 1160 1089 1 1
2111 1162 1161 671 1 1
2112 1163 1161 1100 1 1
2113 669 1162 671 1 1
2114 1162 668 1164 1 1
2115 1166 1167 1100 1 1
2116 1210 875 1211 1 1
2117 1165 1164 668 1 1
2118 1166 1164 660 1 1
2119 1168 1165 668 1 1
2120 660 1165 1105 1 1
2121 660 658 1166 1 1
2122 1167 1166 658 1 1
2123 658 1212 1167 1 1
2124 310 1214 1212 1 1
2125 669 1168 668 1 1
2126 1170 1168 670 1 1
2127 1004 1169 459 1 1
2128 670 1168 1169 1 1
2129 670 1116 1172 1 1
2130 1165 1170 1105 1 1
2131 1170 1172 1171 1 1
2132 1171 1172 1173 1 1
2133 670 1172 1170 1 1
2134 1173 1172 1003 1 1
2135 1003 1109 1173 1 1
2136 1175 1176 1108 1 1
2137 1171 1173 1174 1 1
2138 1173 1109 1176 1 1
2139 1115 1175 1108 1 1
2140 1106 1174 1175 1 1
2141 1173 1176 1174 1 1
2142 1176 1109 1110 1 1
2143 1103 1177 997 1 1
2144 1104 1105 1177 1 1
2145 1174 1178 997 1 1
2146 1178 1106 1179 1 1
2147 1182 1179 1106 1 1
2148 1290 1179 665 1 1
2149 1219 1113 1181 1 1
2150 663 665 1180 1 1
2151 1244 1220 1243 1 1
2152 1216 1217 319 1 1
2153 1179 1182 665 1 1
2154 1106 1115 1182 1 1
2155 750 1183 751 1 1
2156 1184 1183 740 1 1
2157 741 1184 740 1 1
2158 1132 1184 742 1 1
2159 1038 1133 1185 1 1
2160 1190 1186 1133 1 1
2161 1187 1186 1221 1 1
2162 1185 1186 1187 1 1
2163 1191 1221 1186 1 1
2164 1189 1187 1225 1 1
2165 1188 1221 1222 1 1
2166 1224 545 1189 1 1
2167 1226 1189 545 1 1
2168 917 1187 1189 1 1
2169 924 1190 757 1 1
2170 1190 1039 1191 1 1
2171 1136 1191 1039 1 1
2172 1191 1137 1221 1 1
2173 1195 1192 742 1 1
2174 1192 1134 1193 1 1
2175 1194 1193 1134 1 1
2176 1228 916 1037 1 1
2177 1229 1194 1134 1 1
2178 1274 1230 547 1 1
2179 1229 1038 917 1 1
2180 1195 1134 1192 1 1
2181 1231 1196 555 1 1
2182 1136 1196 1137 1 1
2183 1061 1197 974 1 1
2184 1198 1197 1063 1 1
2185 1069 1198 1063 1 1
2186 1199 1198 978 1 1
2187 1319 1199 978 1 1
2188 1199 621 1320 1 1
2189 1197 1200 974 1 1
2190 1234 1200 1140 1 1
2191 1148 1201 1073 1 1
2192 1153 1201 1150 1 1
2193 1203 1202 1084 1 1
2194 1159 1202 1158 1 1
2195 1086 1203 1084 1 1
2196 1204 1203 876 1 1
2197 1205 1204 876 1 1
2198 1204 1205 1207 1 1
2199 1205 876 1313 1 1
2200 1207 1205 652 1 1
2201 1206 306 1208 1 1
2202 1158 1204 1206 1 1
2203 446 1207 652 1 1
2204 1206 1207 306 1 1
2205 444 1208 306 1 1
2206 632 1208 445 1 1
2207 1210 1209 1163 1 1
2208 1211 875 1313 1 1
2209 1210 1237 1214 1 1
2210 1236 650 652 1 1
2211 868 1209 1211 1 1
2212 1210 1211 1209 1 1
2213 1213 1212 658 1 1
2214 1215 1214 310 1 1
2215 659 1213 658 1 1
2216 1213 451 452 1 1
2217 650 1210 1214 1 1
2218 1210 1163 1237 1 1
2219 449 1215 310 1 1
2220 1215 450 651 1 1
2221 1218 1216 319 1 1
2222 1219 1216 663 1 1
2223 1181 1113 1243 1 1
2224 1246 1250 1247 1 1
2225 462 1218 319 1 1
2226 1218 463 664 1 1
2227 1113 1219 1180 1 1
2228 1216 1219 1181 1 1
2229 1327 1323 1324 1 1
2230 1255 1254 1249 1 1
2231 1222 1221 1137 1 1
2232 1221 1188 1225 1 1
2233 1196 1222 1137 1 1
2234 1223 1222 553 1 1
2235 1275 1223 553 1 1
2236 260 1273 1224 1 1
2237 1188 1223 1224 1 1
2238 260 1224 1223 1 1
2239 1221 1225 1187 1 1
2240 1224 1225 1188 1 1
2241 546 1226 545 1 1
2242 1227 547 1194 1 1
2243 1227 1194 1229 1 1
2244 1189 1226 1227 1 1
2245 1192 1228 1132 1 1
2246 916 1228 1193 1 1
2247 1195 1229 1134 1 1
2248 1227 1229 917 1 1
2249 255 916 1230 1 1
2250 1193 1230 916 1 1
2251 554 1231 555 1 1
2252 1222 1231 553 1 1
2253 1233 1232 598 1 1
2254 974 1232 291 1 1
2255 599 1233 598 1 1
2256 1233 422 423 1 1
2257 1199 1234 1140 1 1
2258 1235 1234 1143 1 1
2259 1143 600 1235 1 1
2260 600 598 1235 1 1
2261 875 1210 1236 1 1
2262 650 1236 1210 1 1
2263 1163 1167 1237 1 1
2264 1212 1237 1167 1 1
2265 464 1238 676 1 1
2266 319 1217 1238 1 1
2267 1245 1240 1241 1 1
2268 1257 1242 1256 1 1
2269 1243 1240 1181 1 1
2270 1241 1240 1220 1 1
2271 1323 1242 1220 1 1
2272 1241 1239 1245 1 1
2273 887 1258 672 1 1
2274 887 705 1255 1 1
2275 1244 1243 1113 1 1
2276 1240 1243 1220 1 1
2277 1114 1244 1113 1 1
2278 1244 1111 1323 1 1
2279 1245 1217 1240 1 1
2280 1245 1239 1246 1 1
2281 1239 1248 1246 1 1
2282 1251 487 1250 1 1
2283 675 1247 674 1 1
2284 1245 1247 676 1 1
2285 1248 1239 1249 1 1
2286 1251 1248 886 1 1
2287 1249 1257 1256 1 1
2288 1256 887 1255 1 1
2289 1250 487 1252 1 1
2290 1247 1250 674 1 1
2291 1251 886 1314 1 1
2292 1246 1251 1250 1 1
2293 1259 487 489 1 1
2294 483 1252 481 1 1
2295 468 1253 323 1 1
2296 674 1250 1253 1 1
2297 884 1254 705 1 1
2298 1248 1254 886 1 1
2299 1254 1255 705 1 1
2300 1256 1255 1249 1 1
2301 1249 1239 1257 1 1
2302 1327 1258 1242 1 1
2303 1239 1241 1257 1 1
2304 1242 1257 1241 1 1
2305 887 1256 1258 1 1
2306 1242 1258 1256 1 1
2307 486 1259 489 1 1
2308 481 1252 1259 1 1
2309 480 1260 336 1 1
2310 490 1260 484 1 1
2311 897 1261 241 1 1
2312 514 1261 513 1 1
2313 519 1262 361 1 1
2314 1263 1262 518 1 1
2315 1026 1263 518 1 1
2316 1263 1024 1264 1 1
2317 1265 1024 732 1 1
2318 1272 1264 540 1 1
2319 1266 1265 732 1 1
2320 1264 1265 1269 1 1
2321 1267 1266 732 1 1
2322 755 1131 1268 1 1
2323 733 1267 732 1 1
2324 754 1267 730 1 1
2325 1270 1269 1268 1 1
2326 1265 1266 1268 1 1
2327 1265 1268 1269 1 1
2328 1270 1268 542 1 1
2329 1036 1270 542 1 1
2330 541 540 1270 1 1
2331 355 1271 354 1 1
2332 1127 1271 243 1 1
2333 1264 1272 248 1 1
2334 541 1272 540 1 1
2335 546 1273 373 1 1
2336 1224 1273 545 1 1
2337 369 1274 368 1 1
2338 1230 1274 255 1 1
2339 1223 1275 260 1 1
2340 554 1275 553 1 1
2341 380 1276 379 1 1
2342 936 1276 264 1 1
2343 385 1277 384 1 1
2344 951 1277 268 1 1
2345 569 1278 394 1 1
2346 568 1317 1279 1 1
2347 807 1279 805 1 1
2348 277 1278 1279 1 1
2349 574 1280 399 1 1
2350 573 1305 1281 1 1
2351 823 1281 821 1 1
2352 281 1280 1281 1 1
2353 396 1282 395 1 1
2354 1283 1282 277 1 1
2355 1279 1283 277 1 1
2356 1283 807 1302 1 1
2357 1285 1284 281 1 1
2358 582 1284 581 1 1
2359 1281 1285 281 1 1
2360 823 581 1285 1 1
2361 284 1286 220 1 1
2362 285 1286 408 1 1
2363 968 1287 289 1 1
2364 591 1287 590 1 1
2365 1149 1288 299 1 1
2366 627 1288 626 1 1
2367 439 1289 438 1 1
2368 1096 1289 301 1 1
2369 457 1290 456 1 1
2370 1179 1290 314 1 1
2371 1292 1291 485 1 1
2372 488 1291 700 1 1
2373 1292 485 493 1 1
2374 494 700 1292 1 1
2375 725 1293 535 1 1
2376 730 1293 756 1 1
2377 1295 1303 1294 1 1
2378 1297 1294 807 1 1
2379 818 1295 817 1 1
2380 1303 1295 816 1 1
2381 1304 1296 1303 1 1
2382 821 1281 1305 1 1
2383 806 1297 807 1 1
2384 1298 1297 803 1 1
2385 803 804 1299 1 1
2386 1298 817 1295 1 1
2387 796 1300 1299 1 1
2388 1301 1300 798 1 1
2389 797 1300 796 1 1
2390 798 810 1301 1 1
2391 571 817 1301 1 1
2392 1301 817 1298 1 1
2393 1283 1302 575 1 1
2394 1294 1302 807 1 1
2395 1304 1303 816 1 1
2396 1302 1303 1296 1 1
2397 1304 816 820 1 1
2398 821 1296 1304 1 1
2399 1302 1305 575 1 1
2400 821 1305 1296 1 1
2401 814 826 1307 1 1
2402 1310 833 835 1 1
2403 1310 1307 833 1 1
2404 1307 1306 1309 1 1
2405 1309 1308 812 1 1
2406 1308 1306 1310 1 1
2407 813 1309 812 1 1
2408 1307 1309 814 1 1
2409 1308 1310 819 1 1
2410 1310 1306 1307 1 1
2411 1310 1311 819 1 1
2412 842 1311 835 1 1
2413 617 1312 593 1 1
2414 1319 1312 621 1 1
2415 1313 874 868 1 1
2416 1205 1313 875 1 1
2417 493 1314 491 1 1
2418 1251 1314 487 1 1
2419 688 1315 685 1 1
2420 232 1315 889 1 1
2421 806 1316 800 1 1
2422 1317 1316 805 1 1
2423 1279 1317 805 1 1
2424 570 1317 568 1 1
2425 961 1318 570 1 1
2426 1316 1318 959 1 1
2427 1199 1319 621 1 1
2428 1069 1319 978 1 1
2429 618 1143 1320 1 1
2430 1199 1320 1143 1 1
2431 1321 640 1322 1 1
2432 1146 1321 1148 1 1
2433 1153 1322 637 1 1
2434 1321 1322 1150 1 1
2435 1244 1323 1220 1 1
2436 1323 1111 1324 1 1
2437 1111 1112 1326 1 1
2438 881 1325 1007 1 1
2439 672 1325 881 1 1
2440 1326 1325 1324 1 1
2441 1111 1326 1324 1 1
2442 1326 1001 228 1 1
2443 1258 1327 672 1 1
2444 1323 1327 1242 1 1

FORCE NODE FX FY
1 135 0.00 -1.00
2 134 0.00 -1.00
3 133 0.00 -1.00
4 132 0.00 -1.00
5 131 0.00 -1.00
6 130 0.00 -1.00

DISP. NODE DOF VALUE
1 1 'Y' 0.00
2 2 'Y' 0.00
3 3 'Y' 0.00
4 4 'Y' 0.00
5 5 'Y' 0.00
6 96 'BOTH' 0.00
7 95 'BOTH' 0.00
8 94 'BOTH' 0.00
9 93 'BOTH' 0.00
10 92 'BOTH' 0.00
11 47 'Y' 0.00
12 48 'Y' 0.00
13 49 'Y' 0.00
14 50 'Y' 0.00
15 51 'Y' 0.00
